#wavel(angs) energy(keV) xsect_ext(1.e22) xsect_sca(1.e22) xsect_abs(1.e22)
15.0 0.8266666666666667 0.9910280369958627 0.4568503646270409 0.5341776723688219
15.006006006006006 0.8263358014808886 0.9915587736870867 0.4569869199820817 0.534571853705005
15.012012012012011 0.8260052010402081 0.9920881897673518 0.45712304912642454 0.5349651406409273
15.018018018018019 0.8256748650269945 0.9926162883904507 0.4572587529491354 0.5353575354413154
15.024024024024024 0.8253447931241255 0.993143072681179 0.45739403232604514 0.5357490403551337
15.03003003003003 0.8250149850149849 0.9936728439195042 0.45752835042649287 0.5361444934930112
15.036036036036036 0.8246854403834631 0.9942124458751429 0.45766085374839316 0.5365515921267496
15.042042042042041 0.8243561589139549 0.9947507105858988 0.4577929414551689 0.5369577691307298
15.048048048048049 0.8240271402913589 0.995287641345927 0.45792461447106375 0.5373630268748631
15.054054054054054 0.8236983842010771 0.9958232414045327 0.4580558737396146 0.5377673676649182
15.06006006006006 0.8233698903290129 0.9963575139874338 0.4581867201756818 0.538170793811752
15.066066066066066 0.8230416583615706 0.9968904623091358 0.4583171546713495 0.5385733076377863
15.072072072072071 0.8227136879856545 0.9974220895673928 0.45844717811784724 0.5389749114495455
15.078078078078079 0.8223859788886676 0.9979523989477216 0.45857679140192886 0.5393756075457927
15.084084084084084 0.8220585307585109 0.9984813936282203 0.45870599540252893 0.5397753982256914
15.09009009009009 0.8217313432835821 0.9990090767744962 0.4588347909980065 0.5401742857764898
15.096096096096096 0.821404416152775 0.9995354515413166 0.45896317906494677 0.54057227247637
15.102102102102101 0.8210777490554783 1.0000605210760438 0.45909116047452425 0.5409693606015196
15.108108108108109 0.8207513416815742 1.00058428851529 0.4592187360966572 0.5413655524186328
15.114114114114114 0.8204251937214384 1.0011067569847807 0.45934590680010823 0.5417608501846723
15.12012012012012 0.8200993048659384 1.0016277570452323 0.4594721589171223 0.54215559812811
15.126126126126126 0.8197736748064324 1.0021390167361348 0.4595728227864163 0.5425661939497184
15.132132132132131 0.8194483032347688 1.0026490018977914 0.4596731372618908 0.5429758646359005
15.138138138138139 0.819123189843285 1.003157715607354 0.4597731030743648 0.543384612532989
15.144144144144144 0.8187983343248066 1.0036651609320453 0.4598727209525977 0.5437924399794476
15.15015015015015 0.8184737363726462 1.0041713409296147 0.45997199162528435 0.5441993493043303
15.156156156156156 0.8181493956806024 1.0046762586484232 0.46007091581851295 0.5446053428299104
15.162162162162161 0.817825311942959 1.005179917129299 0.4601694942562526 0.5450104228730464
15.168168168168169 0.8175014848544843 1.0056823194020208 0.4602677276618966 0.5454145917401241
15.174174174174174 0.8171779141104294 1.0061834684882507 0.4603656167572247 0.545817851731026
15.18018018018018 0.8168545994065282 1.0066833674009357 0.46046316226135886 0.5462202051395768
15.186186186186186 0.8165315404389955 1.007182019143543 0.4605603648929269 0.546621654250616
15.192192192192191 0.8162087369045266 1.0076794267102656 0.460657225368991 0.5470222013412745
15.198198198198199 0.8158861885002963 1.0081755930877216 0.4607537444042955 0.5474218486834262
15.204204204204204 0.8155638949239581 1.008670521252836 0.46084992271265407 0.5478205985401821
15.21021021021021 0.8152418558736426 1.009164214173193 0.4609457610065318 0.5482184531666612
15.216216216216216 0.8149200710479573 1.0096517603143413 0.4610267703532478 0.5486249899610935
15.222222222222221 0.8145985401459853 1.0101344647900004 0.4610967937670935 0.5490376710229068
15.228228228228229 0.8142772628672845 1.0106159597211002 0.4611665328181006 0.5494494269029995
15.234234234234235 0.8139562389118865 1.0110962480156118 0.4612359880758347 0.5498602599397769
15.24024024024024 0.8136354679802956 1.0115753325731418 0.461305160108883 0.5502701724642588
15.246246246246246 0.8133149497734883 1.0120532162838998 0.4613740494852061 0.5506791667986937
15.252252252252251 0.8129946839929121 1.0125299020299061 0.4614426567713589 0.5510872452585472
15.258258258258259 0.8126746703404841 1.013005392685044 0.4615109825327488 0.5514944101522952
15.264264264264265 0.8123549085185914 1.0134796911139603 0.46157902733408096 0.5519006637798793
15.27027027027027 0.8120353982300884 1.0139528001732188 0.46164679173899237 0.5523060084342265
15.276276276276276 0.8117161391782977 1.0144247227108014 0.4617142763095424 0.5527104464012591
15.282282282282281 0.8113971310670073 1.014895461566487 0.4617814816073202 0.5531139799591667
15.288288288288289 0.8110783736004713 1.0153650195712804 0.4618484081929406 0.5535166113783399
15.294294294294295 0.8107598664834085 1.0158333995481368 0.4619150566254414 0.5539183429226954
15.3003003003003 0.8104416094210009 1.016300604311699 0.46198142746316734 0.5543191768485317
15.306306306306306 0.8101236021188934 1.0167666366680357 0.46204752126358106 0.5547191154044546
15.312312312312311 0.8098058442831927 1.0172426726737003 0.4621168515726173 0.555125821101083
15.318318318318319 0.8094883356204665 1.0177182392497273 0.462186127016185 0.5555321122335424
15.324324324324325 0.8091710758377425 1.0181926183177208 0.4622551215477307 0.55593749676999
15.33033033033033 0.8088540646425073 1.0186658127130055 0.4623238357283004 0.556341976984705
15.336336336336336 0.8085373017427061 1.0191378252630314 0.4623922701181596 0.5567455551448718
15.342342342342342 0.808220786846741 1.019608658786497 0.46246042527664066 0.5571482335098564
15.348348348348349 0.8079045196634709 1.0200783160940918 0.46252830176211446 0.5575500143319774
15.354354354354355 0.8075884999022099 1.020546799988145 0.4625959001316753 0.5579508998564697
15.36036036036036 0.8072727272727273 1.0210141132627037 0.462663220941484 0.5583508923212197
15.366366366366366 0.8069572014852452 1.0214802587037777 0.46273026474702594 0.5587499939567517
15.372372372372372 0.8066419222504395 1.021945239089169 0.4627970321023808 0.5591482069867881
15.378378378378379 0.8063268892794376 1.0224090571883233 0.46286352356055027 0.5595455336277732
15.384384384384385 0.8060121022838181 1.0228717157629026 0.46292973967405804 0.5599419760888444
15.39039039039039 0.8056975609756097 1.0233332175661094 0.462995680993909 0.5603375365722003
15.396396396396396 0.8053832650672909 1.0237935653433061 0.46306134807024313 0.5607322172730631
15.402402402402402 0.8050692142717879 1.0242464409507985 0.46311865820064113 0.5611277827501573
15.408408408408409 0.804755408302475 1.0246472440434837 0.4631105734478316 0.5615366705956523
15.414414414414415 0.8044418468731735 1.025047021110342 0.46310237054292663 0.5619446505674154
15.42042042042042 0.80412852969815 1.0254457745712566 0.4630940496350465 0.5623517249362101
15.426426426426426 0.803815456492116 1.0258435068387535 0.46308561087322836 0.5627578959655251
15.432432432432432 0.8035026269702277 1.0262402203187009 0.46307705440696945 0.5631631659117314
15.438438438438439 0.8031900408480839 1.0266359174094946 0.46306838038589265 0.5635675370236021
15.444444444444445 0.8028776978417266 1.0270306005030048 0.4630595889601414 0.5639710115428634
15.45045045045045 0.8025655976676385 1.027424271984254 0.46305068027992713 0.5643735917043268
15.456456456456456 0.8022537400427433 1.0278169342312615 0.4630416544958772 0.5647752797353843
15.462462462462462 0.8019421246844047 1.0282085896145836 0.4630325117587314 0.5651760778558523
15.468468468468469 0.8016307513104252 1.0285992404988227 0.463023252219515 0.5655759882793078
15.474474474474475 0.8013196196390452 1.0289888892413726 0.46301387602968325 0.5659750132116894
15.48048048048048 0.8010087293889427 1.0293775381927253 0.46300438334073085 0.5663731548519944
15.486486486486486 0.8006980802792322 1.029765189696757 0.4629947743045926 0.5667704153921643
15.492492492492492 0.8003876720294631 1.0301518460906158 0.46298504907332017 0.5671667970172958
15.498498498498499 0.8000775043596201 1.0305259432760712 0.4629765103776762 0.567549432898395
15.504504504504505 0.799767576990122 1.0307713952845905 0.46298220819110925 0.5677891870934813
15.51051051051051 0.7994578896418199 1.03101610509881 0.46298771891486495 0.5680283861839451
15.516516516516516 0.7991484420359977 1.0312600744139035 0.46299304297051425 0.5682670314433894
15.522522522522522 0.7988392338943703 1.0315033049208793 0.46299818077886545 0.5685051241420137
15.528528528528529 0.7985302649390834 1.0317457983062552 0.46300313275981 0.5687426655464454
15.534534534534535 0.7982215348927122 1.0319875562515186 0.4630078993322217 0.568979656919297
15.54054054054054 0.7979130434782609 1.032228580434126 0.46301248091410474 0.5692160995200213
15.546546546546546 0.7976047904191618 1.0324688725267133 0.4630168779225199 0.5694519946041934
15.552552552552552 0.797296775439274 1.0327084341974921 0.46302109077362563 0.5696873434238666
15.558558558558559 0.7969889982628836 1.0329472671104705 0.46302511988276723 0.5699221472277034
15.564564564564565 0.7966814586147019 1.0331853729247382 0.46302896566422186 0.5701564072605163
15.57057057057057 0.796374156219865 1.0334227532957876 0.4630326285315207 0.5703901247642669
15.576576576576576 0.7960670908039329 1.0336594098737488 0.4630361088972139 0.570623300976535
15.582582582582582 0.7957602620928889 1.0338953443048657 0.46303940717300557 0.5708559371318601
15.588588588588589 0.795453669813138 1.0341305582309588 0.4630425237696936 0.5710880344612651
15.594594594594595 0.7951473136915077 1.0343650532892659 0.46304545909732575 0.5713195941919402
15.6006006006006 0.7948411934552454 1.0346411244903266 0.463084113408607 0.5715570110817195
15.606606606606606 0.7945353088320184 1.034923613247715 0.4631286429160847 0.5717949703316304
15.612612612612612 0.7942296595499134 1.0352052985583278 0.4631729173083883 0.5720323812499395
15.618618618618619 0.7939242453374351 1.035486182237083 0.4632169371504561 0.5722692450866269
15.624624624624625 0.7936190659235057 1.0357662660931741 0.46326070300574174 0.5725055630874324
15.63063063063063 0.793314121037464 1.0360455519281253 0.46330421543480393 0.5727413364933214
15.636636636636636 0.7930094104090648 1.0363240415401962 0.46334747499512563 0.5729765665450707
15.642642642642642 0.7927049337684777 1.0366017367245692 0.46339048224370255 0.5732112544808666
15.64864864864865 0.7924006908462866 1.0368786392716751 0.4634332377377484 0.5734454015339266
15.654654654654655 0.7920966813734893 1.0371547509672074 0.4634757420335198 0.5736790089336877
15.66066066066066 0.7917929050814957 1.0374300735922433 0.46351799568569596 0.5739120779065473
15.666666666666666 0.7914893617021277 1.0377046089228856 0.4635599992478114 0.5741446096750743
15.672672672672672 0.7911860509676183 1.0379783587305664 0.4636017532723579 0.5743766054582085
15.67867867867868 0.7908829726106109 1.0382513247818628 0.4636432583103125 0.5746080664715503
15.684684684684685 0.7905801263641584 1.038523508839169 0.46368451491158236 0.5748389939275869
15.69069069069069 0.7902775119617225 1.0387949126593041 0.46372552362448405 0.5750693890348201
15.696696696696696 0.7899751291371723 1.039068361510421 0.46376598738699815 0.5753023741234229
15.702702702702704 0.7896729776247848 1.0393449399152392 0.46380579335362926 0.5755391465616099
15.70870870870871 0.7893710571592429 1.0396207314950279 0.4638453553539169 0.575775376141111
15.714714714714715 0.7890693674756354 1.0398957380177751 0.46388467392528193 0.5760110640924933
15.72072072072072 0.7887679083094556 1.040169961246995 0.4639237496035232 0.5762462116434719
15.726726726726726 0.7884666793966011 1.040443402941754 0.46396258292337145 0.5764808200183825
15.732732732732734 0.7881656804733727 1.0407160648557825 0.46400117441829647 0.576714890437486
15.73873873873874 0.7878649112764738 1.0409879487386873 0.46403952462083087 0.5769484241178563
15.744744744744745 0.7875643715430096 1.0412590563354067 0.46407763406193697 0.5771814222734698
15.75075075075075 0.7872640610104862 1.0415293893859712 0.46411550327152296 0.577413886114448
15.756756756756756 0.7869639794168096 1.0417989496260007 0.46415313277847153 0.5776458168475292
15.762762762762764 0.7866641265002857 1.0420677387863342 0.46419052311047804 0.5778772156758563
15.76876876876877 0.7863645019996192 1.04233575859362 0.46422767479352617 0.5781080838000937
15.774774774774775 0.7860651056539121 1.0426030107693647 0.46426458835301243 0.5783384224163524
15.78078078078078 0.7857659372026642 1.0428694970305181 0.46430126431319585 0.5785682327173222
15.786786786786786 0.7854669963857714 1.0431352190904888 0.46433770319661877 0.57879751589387
15.792792792792794 0.7851682829435254 1.043400178657036 0.4643739055249503 0.5790262731320857
15.7987987987988 0.7848697966166127 1.0436795625762239 0.46440820569922403 0.5792713568769998
15.804804804804805 0.7845715371461144 1.0439625482561674 0.46444179485539994 0.5795207534007676
15.81081081081081 0.7842735042735043 1.04424474248048 0.46447515608742806 0.5797695863930519
15.816816816816816 0.7839756977406493 1.0445261470230092 0.46450828989195114 0.5800178571310581
15.822822822822824 0.7836781172898082 1.0448067636534786 0.4645411967644325 0.5802655668890462
15.82882882882883 0.7833807626636311 1.0450865941369931 0.4645738771986977 0.5805127169382955
15.834834834834835 0.7830836336051583 1.0453656402334879 0.46460633168790416 0.5807593085455837
15.84084084084084 0.7827867298578198 1.0456439036978122 0.4646385607244422 0.5810053429733699
15.846846846846846 0.7824900511654349 1.0459213862813561 0.46467056479924834 0.5812508214821078
15.852852852852854 0.7821935972722106 1.0461980897299432 0.4647023444018135 0.5814957453281299
15.85885885885886 0.7818973679227419 1.0464740157846786 0.4647339000214544 0.5817401157632244
15.864864864864865 0.7816013628620102 1.0467491661821888 0.4647652321460749 0.581983934036114
15.87087087087087 0.7813055818353832 1.047023542654808 0.46479634126200065 0.5822272013928074
15.876876876876876 0.7810100245886136 1.0472971469299692 0.46482722785507613 0.5824699190748932
15.882882882882884 0.7807146908678388 1.0475699807299232 0.4648578924103056 0.5827120883196175
15.88888888888889 0.7804195804195804 1.0478420457733033 0.46488833541120395 0.5829537103620995
15.894894894894895 0.7801246929907425 1.048113343773839 0.4649185573398821 0.583194786433957
15.9009009009009 0.7798300283286118 1.0484206988403686 0.4649854191504408 0.5834352796899278
15.906906906906906 0.779535586180857 1.0487305305486219 0.4650553045950425 0.5836752259535793
15.912912912912914 0.7792413662955274 1.049039529658624 0.4651248997937534 0.5839146298648704
15.91891891891892 0.7789473684210526 1.0493476980105498 0.46519420536972644 0.5841534926408234
15.924924924924925 0.7786535923062418 1.0496550374391331 0.46526322194560843 0.5843918154935248
15.93093093093093 0.7783600377002828 1.0499615497753914 0.4653319501414523 0.5846295996339391
15.936936936936936 0.7780667043527417 1.0502672368451744 0.4654003905758615 0.5848668462693128
15.942942942942944 0.7777735920135618 1.050572100468386 0.46546854386713776 0.5851035566012481
15.94894894894895 0.7774807004330634 1.0508761424602497 0.4655364106321231 0.5853397318281266
15.954954954954955 0.7771880293619424 1.0511793646328769 0.4656039914852169 0.5855753731476597
15.96096096096096 0.77689557855127 1.051481768791398 0.4656712870401437 0.5858104817512542
15.966966966966966 0.7766033477524921 1.0517833567356658 0.46573829791051113 0.5860450588251547
15.972972972972974 0.776311336717428 1.0520841302623811 0.4658050247071912 0.5862791055551899
15.97897897897898 0.7760195451982709 1.0523840911622975 0.465871468038995 0.5865126231233025
15.984984984984985 0.7757279729475859 1.0526832412193525 0.4659376285154372 0.5867456127039155
15.99099099099099 0.7754366197183098 1.0529815822132476 0.4660035067447825 0.586978075468465
15.996996996996996 0.7751454852637507 1.0532791159187676 0.4660691033310031 0.5872100125877646
16.003003003003002 0.7748545693375868 1.0535811410964928 0.4661338645366666 0.5874472765598261
16.00900900900901 0.7745638716938661 1.0538833388402953 0.46619824378058644 0.587685095059709
16.015015015015017 0.7742733920870053 1.0541847234689565 0.4662623450497781 0.5879223784191785
16.02102102102102 0.7739831302717901 1.0544852967438272 0.46632616892484924 0.588159127818978
16.027027027027028 0.7736930860033726 1.0547850603947333 0.46638971597516654 0.5883953444195666
16.033033033033032 0.7734032590372729 1.0550840161360469 0.4664529867527179 0.5886310293833289
16.03903903903904 0.7731136491293765 1.0553821657065983 0.4665159817864392 0.588866183920159
16.045045045045043 0.772824256035935 1.0556795108876968 0.4665787016026693 0.5891008092850276
16.05105105105105 0.772535079513564 1.0559760534768317 0.46664114676024204 0.5893349067165895
16.057057057057058 0.7722461193192444 1.056271795259652 0.46670331785614627 0.5895684774035059
16.063063063063062 0.7719573752103197 1.0565667380082577 0.46676521549686717 0.5898015225113906
16.06906906906907 0.7716688469444962 1.05686088348878 0.46682684027621113 0.5900340432125689
16.075075075075077 0.771380534279843 1.0571542334609854 0.46688819278107097 0.5902660406799143
16.08108108108108 0.7710924369747898 1.057446789674884 0.46694927360019695 0.5904975160746871
16.087087087087088 0.7708045547881276 1.0577385538749215 0.4670100833198383 0.5907284705550833
16.093093093093092 0.7705168874790073 1.0580295278017278 0.4670706225207265 0.5909589052810014
16.0990990990991 0.770229434806939 1.0583197131894229 0.46713089178262546 0.5911888214067974
16.105105105105103 0.7699421965317921 1.0586191755805032 0.4671898334590286 0.5914293421214746
16.11111111111111 0.7696551724137931 1.0589261633077869 0.4672476343206033 0.5916785289871836
16.117117117117118 0.769368362213527 1.0592323354545623 0.4673051727112356 0.5919271627433266
16.123123123123122 0.7690817656919352 1.0595376938143393 0.46736244918975395 0.5921752446245854
16.12912912912913 0.7687953826103145 1.0598422401758514 0.4674194643141586 0.5924227758616927
16.135135135135137 0.7685092127303182 1.0601459763234617 0.4674762186391487 0.5926697576843131
16.14114114114114 0.7682232558139535 1.0604489040370888 0.4675327127183294 0.5929161913187593
16.147147147147148 0.7679375116235819 1.0607510250902734 0.467588947105111 0.5931620779851623
16.153153153153152 0.7676519799219186 1.0610523412523318 0.46764492235098265 0.5934074189013492
16.15915915915916 0.7673666604720313 1.0613528542886987 0.46770063900527264 0.593652215283426
16.165165165165163 0.7670815530373398 1.0616525659589957 0.4677560976164299 0.5938964683425657
16.17117117117117 0.7667966573816156 1.0619514780180763 0.4678112987325096 0.5941401792855668
16.177177177177178 0.7665119732689808 1.062249592216836 0.4678662428992665 0.5943833493175696
16.183183183183182 0.7662275004639081 1.062546910301302 0.46792093066065676 0.5946259796406452
16.18918918918919 0.7659432387312186 1.062843434012303 0.46797536256052985 0.5948680714517731
16.195195195195197 0.7656591878360837 1.0631391650861652 0.4680295391412829 0.5951096259448823
16.2012012012012 0.7653753475440223 1.0634341052551533 0.4680834609432733 0.5953506443118798
16.207207207207208 0.7650917176209003 1.0637282570207673 0.46813712882956265 0.5955911281912046
16.213213213213212 0.764808297832932 1.0640216521195491 0.4681905558956772 0.5958310962238721
16.21921921921922 0.7645250879466765 1.0643142614263978 0.4682437297774521 0.5960705316489459
16.225225225225223 0.7642420877290395 1.0646060866560003 0.4682966510102463 0.5963094356457539
16.23123123123123 0.7639592969472709 1.0648971295172842 0.4683493201287306 0.5965478093885536
16.237237237237238 0.7636767153689661 1.0651873917145802 0.4684017376664291 0.5967856540481511
16.243243243243242 0.7633943427620632 1.0654768749484587 0.4684539041553052 0.5970229707931535
16.24924924924925 0.7631121788948438 1.0657655809148823 0.4685058201258424 0.5972597607890399
16.255255255255257 0.7628302235359319 1.066053511305026 0.4685574861077931 0.597496025197233
16.26126126126126 0.7625484764542937 1.0663406678054521 0.46860890262985716 0.5977317651755949
16.26726726726727 0.7622669374192357 1.0666270520995327 0.46866007021880696 0.5979669818807257
16.273273273273272 0.761985606200406 1.0669126658650405 0.4687109894004264 0.5982016764646143
16.27927927927928 0.7617044825677919 1.0671975107755909 0.4687616606997803 0.5984358500758107
16.285285285285283 0.7614235662917206 1.0674815885006013 0.4688120846404264 0.5986695038601748
16.29129129129129 0.7611428571428571 1.067764900705365 0.4688622617443239 0.598902638961041
16.2972972972973 0.7608623548922057 1.0680474490503398 0.46891219253265 0.59913525651769
16.303303303303302 0.760582059311107 1.068329235191508 0.4689618775256114 0.5993673576658964
16.30930930930931 0.7603019701712392 1.06861026078167 0.46901131724179457 0.5995989435398755
16.315315315315317 0.7600220872446162 1.068885295909465 0.4690499794194036 0.5998353164900614
16.32132132132132 0.7597424103035879 1.0691456137982704 0.4690602917285605 0.6000853220697099
16.32732732732733 0.7594629391208386 1.0694052111602443 0.4690704312888814 0.6003347798713629
16.333333333333332 0.7591836734693879 1.0696640895668197 0.4690803984610434 0.6005836911057764
16.33933933933934 0.7589046131225877 1.0699222505850463 0.4690901936048113 0.600832056980235
16.345345345345343 0.7586257578541247 1.0701796957780008 0.4690998170798278 0.6010798786981729
16.35135135135135 0.7583471074380166 1.0704364267044533 0.46910926924450813 0.6013271574599452
16.35735735735736 0.7580686616486139 1.070692444919432 0.46911855045646333 0.6015738944629686
16.363363363363362 0.7577904202605983 1.0709477519736648 0.4691276610726071 0.6018200909010577
16.36936936936937 0.7575123830489817 1.0712023494139369 0.469136601449457 0.60206574796448
16.375375375375377 0.7572345497891069 1.071456238782745 0.4691453719422854 0.6023108668404596
16.38138138138138 0.7569569202566453 1.0717094216191088 0.46915397290578265 0.6025554487133261
16.38738738738739 0.7566794942275975 1.0719618994576299 0.4691624046940144 0.6027994947636154
16.393393393393392 0.7564022714782928 1.0722136738288008 0.46917066766017407 0.6030430061686268
16.3993993993994 0.7561252517853873 1.0724647462595462 0.4691787621568264 0.6032859841027197
16.405405405405407 0.7558484349258648 1.0727151182727512 0.4691866885354255 0.6035284297373258
16.41141141141141 0.7555718206770358 1.0729647913872624 0.4691944471472759 0.6037703442399867
16.41741741741742 0.7552954088165355 1.07321376711785 0.46920203834261215 0.6040117287752379
16.423423423423422 0.755019199122326 1.0734722482803127 0.4692196818476886 0.6042525664326243
16.42942942942943 0.7547431913726923 1.073755761374177 0.4692629305843795 0.6044928307897978
16.435435435435437 0.754467385346245 1.0740385184320977 0.46930594978369417 0.6047325686484035
16.44144144144144 0.7541917808219178 1.0743205210866782 0.4693487399257249 0.6049717811609532
16.44744744744745 0.7539163775789665 1.0746017709650841 0.4693913014899016 0.6052104694751826
16.453453453453452 0.7536411753969703 1.0748822696880307 0.46943363495436113 0.6054486347336697
16.45945945945946 0.7533661740558292 1.0751620188725317 0.46947574079399407 0.6056862780785376
16.465465465465467 0.753091373335765 1.075441020131512 0.46951761948167203 0.60592340064984
16.47147147147147 0.7528167730173199 1.0757192750746842 0.46955927149010324 0.606160003584581
16.47747747747748 0.7525423728813558 1.075996785307657 0.4696006972916727 0.6063960880159844
16.483483483483482 0.7522681727090544 1.0762735524317661 0.46964189735739215 0.6066316550743741
16.48948948948949 0.7519941722819159 1.0765495780448144 0.4696828721576352 0.6068667058871792
16.495495495495497 0.7517203713817585 1.0768248637396975 0.4697236221614773 0.6071012415782202
16.5015015015015 0.7514467697907189 1.0770994111064718 0.46976414783721376 0.607335263269258
16.50750750750751 0.7511733672912497 1.0773732217299683 0.4698044496520865 0.6075687720778816
16.513513513513512 0.7509001636661211 1.077646297191604 0.469844528072284 0.6078017691193202
16.51951951951952 0.7506271586984185 1.0779186390682225 0.4698843835628054 0.6080342555054171
16.525525525525527 0.7503543521715428 1.0781902489332835 0.4699240165879153 0.6082662323453681
16.53153153153153 0.7500817438692098 1.0784640018150256 0.4699652807658677 0.6084987210491578
16.53753753753754 0.7498093335754494 1.078786160899083 0.47003801296673403 0.6087481479323489
16.543543543543542 0.7495371210746052 1.0791075039375204 0.4701104693268643 0.6089970346106562
16.54954954954955 0.7492651061513337 1.0794280326772412 0.4701826504117931 0.609245382265448
16.555555555555557 0.748993288590604 1.0797477488604204 0.4702545567856607 0.6094931920747598
16.56156156156156 0.7487216681776973 1.080066654224709 0.47032618901129425 0.6097404652134147
16.56756756756757 0.7484502446982055 1.080384750503444 0.47039754765034447 0.6099872028530998
16.573573573573572 0.7481790179380323 1.0807020394254572 0.47046863326333865 0.6102334061621183
16.57957957957958 0.7479079876833906 1.0810185227152997 0.47053944640939577 0.6104790763059039
16.585585585585587 0.7476371537208037 1.0813342020928367 0.4706099876464777 0.610724214446359
16.59159159159159 0.7473665158371041 1.0816490792738407 0.4706802575313783 0.6109688217424624
16.5975975975976 0.7470960738194318 1.08196315596938 0.4707502566195929 0.6112128993497872
16.603603603603602 0.7468258274552361 1.0822764338866282 0.4708199854654202 0.6114564484212079
16.60960960960961 0.7465557765322726 1.0825889147278502 0.47088944462196397 0.6116994701058863
16.615615615615617 0.7462859208386047 1.0829006001913992 0.4709586346409439 0.6119419655504553
16.62162162162162 0.7460162601626016 1.0832114919711038 0.4710275560731839 0.61218393589792
16.62762762762763 0.7457467942929383 1.0835215917565788 0.47109620946808595 0.6124253822884929
16.633633633633632 0.7454775230185954 1.083830901232993 0.4711645953738457 0.6126663058591473
16.63963963963964 0.7452084461288576 1.0841394220813287 0.47123271433746344 0.6129067077438654
16.645645645645647 0.744939563413314 1.084427140348434 0.47128051479197464 0.6131466255564595
16.65165165165165 0.7446708746618576 1.084699745671876 0.47131369552472147 0.6133860501471547
16.65765765765766 0.7444023796646836 1.0849716258731827 0.47134666943076853 0.6136249564424142
16.663663663663662 0.7441340782122906 1.0852427824993671 0.4713794369354881 0.6138633455638789
16.66966966966967 0.7438659700954783 1.0855132170933826 0.47141199846325643 0.6141012186301261
16.675675675675677 0.7435980551053483 1.0857829311942595 0.47144435443779703 0.6143385767564624
16.68168168168168 0.7433303330333033 1.086051926337154 0.4714765052817824 0.6145754210553716
16.68768768768769 0.7430628036710455 1.0863202040532811 0.4715084514167931 0.6148117526364881
16.693693693693692 0.7427954668105775 1.0865877658701797 0.4715401932638403 0.6150475726063395
16.6996996996997 0.7425283222442007 1.086854613311125 0.47157173124287577 0.6152828820682493
16.705705705705707 0.7422613697645155 1.087120747896027 0.47160306577300126 0.6155176821230258
16.71171171171171 0.7419946091644205 1.087386171140571 0.47163419727245104 0.61575197386812
16.71771771771772 0.7417280402371115 1.087650884556677 0.47166512615843587 0.615985758398241
16.723723723723722 0.7414616627760819 1.0879148896522937 0.4716958528475436 0.61621903680475
16.72972972972973 0.7411954765751212 1.0881781879320165 0.4717263777552996 0.6164518101767169
16.735735735735737 0.7409294814283149 1.0884407808965928 0.47175670129634334 0.6166840796002494
16.74174174174174 0.7406636771300449 1.0887026700425042 0.47178682388447907 0.6169158461580251
16.74774774774775 0.7403980634749865 1.0889638568626936 0.47181674593277295 0.6171471109299207
16.753753753753752 0.7401326402581108 1.0892243428464843 0.47184646785318607 0.6173778749932981
16.75975975975976 0.7398674072746819 1.0895511565863716 0.47193297130269773 0.6176181852836738
16.765765765765767 0.7396023643202578 1.0898881439749415 0.4720285192211323 0.6178596247538092
16.77177177177177 0.7393375111906894 1.0902243044928024 0.4721237590865379 0.6181005454062644
16.77777777777778 0.7390728476821192 1.0905596398775226 0.47221869151799173 0.6183409483595309
16.783783783783782 0.7388083735909823 1.0908941518617923 0.47231331713321195 0.6185808347285803
16.78978978978979 0.7385440887140047 1.0912278421740338 0.472407636548856 0.6188202056251778
16.795795795795797 0.738279992848203 1.0915607125385773 0.47250165038016456 0.6190590621584128
16.8018018018018 0.7380160857908847 1.091892764675361 0.472595359240854 0.6192974054345068
16.80780780780781 0.7377523673396462 1.0922240002999903 0.4726887637434246 0.6195352365565657
16.813813813813812 0.7374888372923737 1.09255442112347 0.4727818644992302 0.6197725566242398
16.81981981981982 0.7372254954472415 1.0928840288533042 0.4728746621182459 0.6200093667350581
16.825825825825827 0.7369623416027127 1.093212825192322 0.4729671572090549 0.6202456679832672
16.83183183183183 0.736699375557538 1.0935408118390677 0.4730593503788441 0.6204814614602236
16.83783783783784 0.7364365971107543 1.093867990487746 0.47315124223386773 0.6207167482538782
16.843843843843842 0.7361740060616866 1.0941943628284605 0.4732428333788401 0.6209515294496205
16.84984984984985 0.7359116022099447 1.0945199305475632 0.47333412441713063 0.6211858061304326
16.855855855855857 0.7356493853554248 1.0948446953266424 0.47342511595079717 0.6214195793758451
16.86186186186186 0.735387355298308 1.0951686588431346 0.47351580858099107 0.6216528502621436
16.86786786786787 0.7351255118390599 1.095491822770566 0.47360620290732197 0.6218856198632438
16.873873873873872 0.7348638547784303 1.0959592543242604 0.4738416760506754 0.622117578273585
16.87987987987988 0.7346023839174524 1.096444862028888 0.47409586561123884 0.6223489964176491
16.885885885885887 0.7343410990574425 1.0969294296070293 0.47434951307571965 0.6225799165313096
16.89189189189189 0.7340800000000001 1.0974129590864554 0.4746026194087241 0.6228103396777314
16.8978978978979 0.7338190865470055 1.0978954524904299 0.47485518557306605 0.6230402669173637
16.903903903903903 0.7335583585006218 1.0983769118379287 0.4751072125302671 0.6232696993076617
16.90990990990991 0.7332978156632924 1.09885733914322 0.47535870124056423 0.6234986379026557
16.915915915915917 0.7330374578377419 1.0993367364166282 0.47560965266249305 0.6237270837541352
16.92192192192192 0.7327772848269742 1.0998151056641503 0.4758600677525625 0.6239550379115878
16.92792792792793 0.7325172964342735 1.1002924488870858 0.47610994746623736 0.6241825014208484
16.933933933933933 0.7322574924632027 1.1007687680825262 0.4763592927575861 0.6244094753249402
16.93993993993994 0.7319978727176033 1.1012440652436317 0.47660810457886515 0.6246359606647665
16.945945945945947 0.7317384370015948 1.101718342358973 0.47685638388055196 0.6248619584784211
16.95195195195195 0.7314791851195749 1.1021916014127493 0.47710413161192866 0.6250874698008207
16.95795795795796 0.7312201168762175 1.1026638443847538 0.4773513487210367 0.6253124956637172
16.963963963963963 0.7309612320764738 1.1031350732505945 0.47759803615391117 0.6255370370966833
16.96996996996997 0.7307025305255707 1.1036052899821138 0.47784419485504337 0.6257610951270705
16.975975975975977 0.730444012029011 1.1040744965462967 0.47808982576750325 0.6259846707787935
16.98198198198198 0.7301856763925729 1.1045426949060142 0.47833492983323544 0.626207765072779
16.98798798798799 0.7299275234223086 1.1050897489823284 0.4786631822567196 0.6264265667256087
16.993993993993993 0.729669552924545 1.1056794958200882 0.4790366905294993 0.6266428052905889
17.0 0.7294117647058823 1.106268086495521 0.4794095109945754 0.6268585755009456
17.006006006006007 0.7291541585731943 1.1068555230299417 0.47978164468654694 0.6270738783433948
17.01201201201201 0.7288967343336274 1.1076684618379125 0.48040160748611216 0.6272668543518002
17.01801801801802 0.7286394917946003 1.1085491894079353 0.481096450913537 0.6274527384943983
17.024024024024023 0.7283824307638032 1.1094285309058776 0.48179032435216435 0.6276382065537133
17.03003003003003 0.7281255510491976 1.1103064874797368 0.4824832280851546 0.6278232593945824
17.036036036036037 0.7278688524590163 1.1114856596244835 0.48345400476071554 0.628031654863768
17.04204204204204 0.7276123348017621 1.1127057527831432 0.48446282269467633 0.6282429300884669
17.04804804804805 0.7273559978862074 1.1139242314419973 0.4854704866317016 0.6284537448102956
17.054054054054053 0.7270998415213946 1.11514109475264 0.4864769947555824 0.6286640999970575
17.06006006006006 0.7268438655166344 1.1173903072081182 0.48841003813748074 0.6289802690706373
17.066066066066067 0.7265880696815061 1.1196635013837992 0.490365075830453 0.6292984255533461
17.07207207207207 0.7263324538258575 1.1219349048021714 0.4923189831015602 0.6296159217006111
17.07807807807808 0.726077017759803 1.1244251630560744 0.4943393464823712 0.6300858165737032
17.084084084084083 0.7258217612937248 1.1301004026565176 0.4973344437600066 0.632765958896511
17.09009009009009 0.725566684238271 1.1357595381543801 0.5003230736317658 0.6354364645226144
17.096096096096097 0.7253117864043561 1.1414025791723466 0.5033051912239772 0.6380973879483695
17.1021021021021 0.7250570676031607 1.147666079756964 0.5061046620420755 0.6415614177148886
17.10810810810811 0.7248025276461295 1.1576875514624119 0.5078553243292083 0.6498322271332037
17.114114114114113 0.7245481663449729 1.1677659899865371 0.5091630624372839 0.6586029275492532
17.12012012012012 0.7242939835116646 1.1783178032770045 0.5084433295235317 0.669874473753473
17.126126126126128 0.7240399789584429 1.187924690752597 0.5074473424043398 0.6804773483482573
17.13213213213213 0.723786152497809 1.1941578564819935 0.5052350520313177 0.6889228044506758
17.13813813813814 0.7235325039425267 1.199234657079739 0.5034208998837819 0.6958137571959572
17.144144144144143 0.7232790331056227 1.2006506922974884 0.5026975993805175 0.6979530929169708
17.15015015015015 0.7230257398003852 1.2029673816641644 0.5029527004480088 0.7000146812161555
17.156156156156158 0.722772623840364 1.207760450423675 0.5058856885775557 0.7018747618461194
17.16216216216216 0.72251968503937 1.2167750124104364 0.5090235489559944 0.7077514634544418
17.16816816816817 0.7222669232114746 1.2360216599003944 0.5126912617626185 0.7233303981377759
17.174174174174173 0.7220143381710089 1.2571355461188054 0.513864532916345 0.7432710132024604
17.18018018018018 0.7217619297325643 1.2826228641326858 0.5098841384126096 0.7727387257200761
17.186186186186188 0.7215096977109906 1.307230883810409 0.5025747191017216 0.8046561647086874
17.19219219219219 0.7212576419213974 1.3293069339567696 0.48771454296600275 0.8415923909907668
17.1981981981982 0.7210057621791514 1.3383778785111764 0.4669935238455145 0.8713843546656619
17.204204204204203 0.7207540582998779 1.3275427333632333 0.4423796674427129 0.8851630659205203
17.21021021021021 0.7205025300994591 1.295073886781616 0.4159010105608273 0.8791728762207888
17.216216216216218 0.7202511773940344 1.2428170898653457 0.3910343281152147 0.8517827617501307
17.22222222222222 0.72 1.18503704492434 0.3745736447065589 0.810463400217781
17.22822822822823 0.7197489977340072 1.1342081049696888 0.36903478800059714 0.7651733169690917
17.234234234234233 0.7194981704129639 1.0824760561377744 0.364216270138835 0.7182597859989394
17.24024024024024 0.7192475178540323 1.0298079683029182 0.36020649462806964 0.6696014736748485
17.246246246246248 0.7189970398746299 0.9951388141715466 0.3623791219133166 0.63275969225823
17.25225225225225 0.7187467362924281 0.9910589586291491 0.3737324977057224 0.6173264609234266
17.25825825825826 0.7184966069253523 0.9873414013150223 0.38561492822162563 0.6017264730933968
17.264264264264263 0.7182466515915811 0.9839899954705801 0.3980340143840563 0.5859559810865237
17.27027027027027 0.7179968701095462 0.9849214583670095 0.4091813187009327 0.5757401396660768
17.276276276276278 0.7177472622979314 0.9923189016948949 0.41761922432810755 0.5746996773667874
17.28228228228228 0.7174978279756734 0.9997835151185985 0.42612374576635464 0.5736597693522438
17.28828828828829 0.7172485669619593 1.0073135830631632 0.43469316764281773 0.5726204154203456
17.294294294294293 0.7169994790762285 1.0140291374786625 0.44201921983404263 0.57200991764462
17.3003003003003 0.7167505641381704 1.0193014485908296 0.44718416221442603 0.5721172863764036
17.306306306306308 0.7165018219677252 1.0245867582705441 0.4523623850223717 0.5722243732481723
17.31231231231231 0.7162532523850824 1.029884660773949 0.457553481939855 0.5723311788340938
17.31831831831832 0.7160048552106815 1.0350383547305273 0.462590605486548 0.5724477492439793
17.324324324324323 0.7157566302652106 1.039914800477574 0.46733235517518495 0.572582445302389
17.33033033033033 0.7155085773696067 1.0447997502234312 0.472082933437691 0.5727168167857404
17.336336336336338 0.7152606963450545 1.0496929042677186 0.47684203991071716 0.5728508643570014
17.34234234234234 0.7150129870129871 1.0548959793991954 0.48191193665171506 0.5729840427474804
17.34834834834835 0.7147654491950839 1.0607516970653037 0.487635957979229 0.5731157390860747
17.354354354354353 0.7145180827132722 1.0666198192279266 0.4933727053261696 0.573247113901757
17.36036036036036 0.714270887389725 1.0724998598072104 0.49912169195302114 0.5733781678541893
17.366366366366368 0.7140238630468614 1.0795324640664168 0.5057226787196708 0.573809785346746
17.37237237237237 0.7137770095073466 1.0895773585556623 0.5145479141764 0.5750294443792623
17.37837837837838 0.7135303265940901 1.0996392595755948 0.5233932320431255 0.5762460275324695
17.384384384384383 0.7132838141302471 1.109716562954526 0.5322570174349077 0.5774595455196183
17.39039039039039 0.713037471939216 1.1220341564463792 0.5419996550056758 0.5800345014407033
17.396396396396398 0.7127912998446401 1.1421280723603269 0.5547571749592516 0.5873708974010753
17.4024024024024 0.7125452976704055 1.1642570477783516 0.5672726957650445 0.5969843520133074
17.40840840840841 0.7122994652406417 1.1951455195586809 0.5788423363617364 0.6163031831969444
17.414414414414413 0.7120538023797206 1.2267031717153218 0.5889702780204791 0.6377328936948429
17.42042042042042 0.7118083089122565 1.263617019413703 0.5919592476511975 0.6716577717625055
17.426426426426428 0.7115629846631052 1.2993051369936133 0.5941625568987986 0.7051425800948146
17.43243243243243 0.7113178294573643 1.3300360642243674 0.5887058643604598 0.7413301998639078
17.43843843843844 0.7110728431203719 1.3592540356744809 0.5839538628812236 0.7753001727932571
17.444444444444443 0.7108280254777071 1.3729413576180916 0.5783440013879031 0.7945973562301886
17.45045045045045 0.7105833763551884 1.3864763039818382 0.5734525323492056 0.8130237716326328
17.456456456456458 0.7103388955788749 1.394875202937039 0.579624269700177 0.8152509332368623
17.46246246246246 0.7100945829750644 1.4032597700815927 0.5857889868175131 0.8174707832640798
17.46846846846847 0.7098504383702939 1.4422022358295916 0.6031903463453464 0.839011889484245
17.474474474474476 0.7096064615913387 1.4809163822421243 0.6205132383890632 0.8604031438530612
17.48048048048048 0.7093626524652122 1.5633222703574348 0.6257851939380449 0.9375370764193898
17.486486486486488 0.7091190108191653 1.6460163718116088 0.632548773880295 1.0134675979313135
17.49249249249249 0.7088755364806868 1.738170782902125 0.6234388475787859 1.1147319353233387
17.4984984984985 0.7086322292775012 1.8143299678446905 0.5991272863537049 1.2152026814909853
17.504504504504503 0.7083890890375708 1.871213084756602 0.5665320019690058 1.3046810827875963
17.51051051051051 0.7081461155890928 1.896543347324934 0.5278596239478588 1.368683723377075
17.516516516516518 0.7079033087605004 1.87673498260989 0.48358771597841044 1.3931472666314797
17.52252252252252 0.7076606683804627 1.796864269147439 0.4289858302198238 1.367878438927615
17.52852852852853 0.7074181942778824 1.6597099277513931 0.36598195555363233 1.2937279721977606
17.534534534534536 0.7071758862818975 1.4835833742174145 0.29916518348911625 1.1844181907282985
17.54054054054054 0.7069337442218798 1.298330340589529 0.2402834998785361 1.0580468407109929
17.546546546546548 0.7066917679274345 1.0993452019582044 0.1856393940537219 0.9137058079044824
17.55255255255255 0.7064499572284003 0.9354840081234648 0.15038960870232185 0.7850943994211429
17.55855855855856 0.7062083119548487 0.8015718405276465 0.13278300249616057 0.6687888380314858
17.564564564564563 0.7059668319370833 0.7119407839955483 0.1322138904750205 0.5797268935205276
17.57057057057057 0.7057255170056401 0.669649965707948 0.14738102401446582 0.5222689416934821
17.576576576576578 0.7054843669912865 0.649515368480648 0.16832880663698907 0.4811865618436588
17.58258258258258 0.7052433817250214 0.6553339013852756 0.1922232584090172 0.4631106429762584
17.58858858858859 0.705002561038074 0.6656396488118704 0.2154822374239812 0.4501574113878892
17.594594594594597 0.7047619047619046 0.6806378261964123 0.2343114465118981 0.4463263796845143
17.6006006006006 0.7045214127282033 0.6955257392956028 0.25205747520546457 0.4434682640901382
17.606606606606608 0.7042810847688895 0.7084894925325907 0.2654638186264185 0.4430256739061723
17.61261261261261 0.7040409207161126 0.7208631585078936 0.2781625422850673 0.4427006162228264
17.61861861861862 0.7038009204022497 0.7299990981998825 0.28717908063534964 0.44282001756453293
17.624624624624623 0.703561083659908 0.7392493216381931 0.29631018494922956 0.4429391366889636
17.63063063063063 0.7033214103219212 0.7486108105280691 0.3055528363608069 0.4430579741672623
17.636636636636638 0.7030819002213519 0.7579672614132322 0.31478845953450885 0.44317880187872344
17.64264264264264 0.7028425531914894 0.764368908275527 0.32100891115837926 0.4433599971171477
17.64864864864865 0.7026033690658499 0.7708113329798769 0.32727051722161893 0.44354081575825793
17.654654654654657 0.7023643476781765 0.7772936071100424 0.33357234854497514 0.44372125856506717
17.66066066066066 0.7021254888624384 0.7838148063820067 0.33991348008315836 0.44390132629884826
17.666666666666668 0.7018867924528301 0.7889909834796881 0.3448832687005101 0.444107714779178
17.67267267267267 0.7016482582837723 0.7939494556870477 0.3496311925278293 0.4443182631592183
17.67867867867868 0.70140988618991 0.7989256339812492 0.3543972440769166 0.4445283899043325
17.684684684684683 0.7011716760061132 0.8039191245207798 0.3591810286489106 0.4447380958718692
17.69069069069069 0.7009336275674758 0.80823592954328 0.36326867418738173 0.4449672553558984
17.696696696696698 0.7006957407093161 0.812204190095186 0.3669979725469055 0.4452062175482803
17.7027027027027 0.7004580152671755 0.816180459239542 0.37073574696149686 0.4454447122780452
17.70870870870871 0.7002204510768187 0.8201645478482263 0.3744818073448029 0.4456827405034234
17.714714714714717 0.6999830479742328 0.8238625700503223 0.37792890977820387 0.4459336602721183
17.72072072072072 0.6997458057956278 0.8272092784624481 0.3810090056143704 0.4462002728480776
17.726726726726728 0.6995087243774352 0.8305596164603462 0.38409324499089753 0.4464663714694486
17.73273273273273 0.6992718035563082 0.8339134787476381 0.38718152154692376 0.4467319572007143
17.73873873873874 0.6990350431691214 0.8371786413187922 0.39018809693416207 0.4469905443846301
17.744744744744743 0.6987984430529701 0.8401429030199834 0.3929156175408284 0.4472272854791549
17.75075075075075 0.69856200304517 0.8431091238910643 0.39564555665969514 0.44746356723136915
17.756756756756758 0.6983257229832571 0.8460772323346396 0.39837784175980484 0.44769939057483465
17.762762762762762 0.6980896027049873 0.8490459440380286 0.4011111259663019 0.4479348180717267
17.76876876876877 0.6978536420483352 0.8514457827402331 0.40324707729596576 0.4481987054442673
17.774774774774777 0.6976178408514951 0.8538455357776492 0.4053834477807001 0.4484620879969491
17.78078078078078 0.6973821989528796 0.8562451693319351 0.40752020256508475 0.4487249667668503
17.786786786786788 0.6971467161911193 0.8586446498507736 0.4096573070621197 0.44898734278865393
17.792792792792792 0.6969113924050633 0.860931692713089 0.4116821640232086 0.4492495286898804
17.7987987987988 0.6966762274337777 0.8631824370366048 0.4136711239039876 0.4495113131326172
17.804804804804803 0.6964412211165458 0.8654326512480189 0.4156600535950942 0.4497725976529248
17.81081081081081 0.6962063732928679 0.8676823091607245 0.41764892588604385 0.4500333832746807
17.816816816816818 0.6959716838024608 0.8698430978733536 0.4195634674238702 0.4502796304494834
17.822822822822822 0.695737152485257 0.8719162902980676 0.42140469220083754 0.45051159809722996
17.82882882882883 0.6955027791814047 0.8739887330511237 0.42324561408137473 0.4507431189697489
17.834834834834837 0.6952685637312678 0.8760604059242533 0.42508621195862734 0.45097419396562577
17.84084084084084 0.6950345059754249 0.8780223517248172 0.42681211297321875 0.4512102387515985
17.846846846846848 0.6948006057546693 0.8796316053129835 0.42816831567899744 0.451463289633986
17.852852852852852 0.6945668629100085 0.8812394992388888 0.429523640195085 0.45171585904380385
17.85885885885886 0.6943332772826636 0.8828460266219158 0.4308780786645741 0.4519679479573416
17.864864864864863 0.6940998487140696 0.8844511806502965 0.4322316233013696 0.45221955734892694
17.87087087087087 0.6938665770458747 0.8860549545791165 0.43358426638927394 0.45247068818984254
17.876876876876878 0.6936334621199395 0.8876573417309526 0.4349360002819131 0.4527213414490395
17.882882882882882 0.6934005037783376 0.889258335495159 0.4362868174019957 0.4529715180931633
17.88888888888889 0.693167701863354 0.890857929327445 0.4376367102412131 0.4532212190862319
17.894894894894897 0.6929350562174861 0.8924561167495382 0.43898567135975713 0.45347044538978093
17.9009009009009 0.6927025666834423 0.8940528913487066 0.44033369338562567 0.4537191979630809
17.906906906906908 0.6924702331041421 0.8956482467775744 0.4416807690146198 0.4539674777629546
17.912912912912912 0.6922380553227159 0.8972421767535255 0.4430268910097179 0.45421528574380754
17.91891891891892 0.6920060331825038 0.8988346750578812 0.444372052200606 0.4544626228572751
17.924924924924923 0.6917741665270565 0.9004257355366663 0.44571624548359995 0.4547094900530664
17.93093093093093 0.6915424552001339 0.9020153520988364 0.4470594638205793 0.45495588827825717
17.936936936936938 0.6913108990457056 0.9036035187170814 0.44840170023945597 0.45520181847762536
17.942942942942942 0.6910794979079498 0.905190229426499 0.44974294783300184 0.45544728159349707
17.94894894894895 0.6908482516312532 0.9067754783246968 0.451083199759088 0.4556922785656088
17.954954954954957 0.6906171600602107 0.9083592595712896 0.45242244923964187 0.4559368103316478
17.96096096096096 0.6903862230396255 0.9099415673880911 0.4537606895609586 0.45618087782713246
17.966966966966968 0.6901554404145077 0.9115223960573383 0.45509791407260275 0.45642448198473556
17.972972972972972 0.6899248120300753 0.9128864775975323 0.45617217494663337 0.4567143026508988
17.97897897897898 0.689694337731752 0.9141616042562811 0.4571391091481716 0.4570224951081096
17.984984984984983 0.6894640173651696 0.9154350546409371 0.4581049428060172 0.45733011183491984
17.99099099099099 0.6892338507761643 0.9167068284559939 0.45906967442832064 0.45763715402767324
17.996996996996998 0.6890038378107791 0.9179769254271346 0.46003330254725383 0.4579436228798807
18.003003003003002 0.6887739783152628 0.9192453452999998 0.4609958257188741 0.45824951958112564
18.00900900900901 0.688544272136068 0.9205120878410556 0.46195724252260395 0.45855484531845164
18.015015015015017 0.6883147191198532 0.9217771528375012 0.4629175515615395 0.4588596012759617
18.02102102102102 0.688085319113481 0.9230405400961418 0.46387675146198054 0.45916378863416124
18.027027027027028 0.687856071964018 0.9243022494438228 0.4648348408735491 0.45946740857027374
18.033033033033032 0.6876269775187344 0.9255622807275445 0.46579181846863477 0.45977046225890966
18.03903903903904 0.687398035625104 0.9268206338141671 0.46674768294245994 0.46007295087170713
18.045045045045043 0.6871692461308038 0.9280773085898641 0.46770243301286113 0.46037487557700296
18.05105105105105 0.6869406088837132 0.9293323049600348 0.4686560674203001 0.46067623753973463
18.057057057057058 0.6867121237319141 0.930585622849391 0.46960858492747387 0.4609770379219171
18.063063063063062 0.6864837905236908 0.9318372622019426 0.4705599843191323 0.4612772778828102
18.06906906906907 0.6862556091075286 0.9330872229808063 0.4715102644019976 0.4615769585788086
18.075075075075077 0.6860275793321149 0.9343355051676031 0.4724594240047052 0.4618760811628979
18.08108108108108 0.6857997010463378 0.9355821087624877 0.47340746197774564 0.4621746467847422
18.087087087087088 0.685571974099286 0.9368270337841437 0.4743543771927985 0.4624726565913451
18.093093093093092 0.685344398340249 0.9380702802700259 0.4753001685430197 0.4627701117270062
18.0990990990991 0.6851169736187158 0.9393118482755407 0.4762448349425745 0.4630670133329662
18.105105105105103 0.6848896997843755 0.9403823384302208 0.47700490454890576 0.46337743388131514
18.11111111111111 0.6846625766871166 0.9414270232033297 0.4777377359887671 0.46368928721456265
18.117117117117118 0.6844356041770263 0.9424701146996941 0.4784695525934751 0.464000562106219
18.123123123123122 0.6842087821043911 0.9435116144086828 0.47920035465453015 0.46431125975415266
18.12912912912913 0.6839821103196951 0.944551523824797 0.4799301424722621 0.46462138135253495
18.135135135135137 0.6837555886736213 0.9455898444480626 0.4806589163559823 0.4649309280920803
18.14114114114114 0.6835292170170502 0.9466265777840134 0.48138667662330925 0.46523990116070413
18.147147147147148 0.683302995201059 0.9476617253439651 0.4821134236002541 0.465548301743711
18.153153153153152 0.6830769230769231 0.9486952886444544 0.4828391576213462 0.4658561310231082
18.15915915915916 0.6828510004961137 0.949727269206699 0.4835638790295424 0.46616339017715674
18.165165165165163 0.6826252273102993 0.9507576685574373 0.4842875881763594 0.46647008038107773
18.17117117117117 0.6823996033713435 0.9517864882287568 0.4850102854211172 0.4667762028076396
18.177177177177178 0.6821741285313068 0.9528137297580225 0.48573197113128724 0.4670817586267353
18.183183183183182 0.6819488026424443 0.953839394687174 0.48645264568252783 0.4673867490046463
18.18918918918919 0.6817236255572066 0.9548634845630357 0.4871723094587378 0.467691175104298
18.195195195195197 0.6814985971282389 0.9558860009372198 0.48789096285163974 0.46799503808557996
18.2012012012012 0.6812737172083815 0.9569069453667793 0.4886086062606688 0.46829833910611063
18.207207207207208 0.681048985650668 0.9579263194138945 0.4893252400928888 0.4686010793210057
18.213213213213212 0.6808244023083265 0.9589441246443935 0.49004086476349673 0.46890325988089676
18.21921921921922 0.6805999670347783 0.9599603626286386 0.49075548069532127 0.4692048819333173
18.225225225225223 0.6803756796836382 0.9609750349425992 0.4914690883188859 0.46950594662371337
18.23123123123123 0.6801515401087135 0.961988143166627 0.4921816880716059 0.46980645509502106
18.237237237237238 0.6799275481640045 0.962883711093881 0.49275414755183666 0.47012956354204444
18.243243243243242 0.6797037037037037 0.9637316940042409 0.49327041834705343 0.4704612756571874
18.24924924924925 0.6794800065821952 0.9645782274515612 0.4937858504755921 0.4707923769759692
18.255255255255257 0.6792564566540549 0.965423313683658 0.4943004449127888 0.4711228687708692
18.26126126126126 0.6790330537740503 0.9662669549468748 0.4948142026353729 0.47145275231150185
18.26726726726727 0.6788097977971396 0.9671091534846191 0.49532712462174094 0.47178202886287807
18.273273273273272 0.6785866885784717 0.9679499115382029 0.49583921185201163 0.47211069968619135
18.27927927927928 0.6783637259733859 0.9687892313474032 0.4963504653074924 0.4724387660399108
18.285285285285283 0.6781409098374118 0.9696271151506421 0.4968608859703218 0.4727662291803204
18.29129129129129 0.6779182400262682 0.9704635651838579 0.4973704748239678 0.47309309035989017
18.2972972972973 0.677695716395864 0.9712985836803685 0.49787923285382907 0.4734193508265394
18.303303303303302 0.677473338802297 0.9721321728715239 0.49838716104667324 0.47374501182485057
18.30930930930931 0.6772511071018533 0.972964334987314 0.498894260389922 0.474070074597392
18.315315315315317 0.6770290211510083 0.9737950722559601 0.4994005318721341 0.4743945403838259
18.32132132132132 0.6768070808064252 0.974624386903273 0.49990597648319146 0.4747184104200815
18.32732732732733 0.6765852859249549 0.9754522811519758 0.5004105952146488 0.4750416859373269
18.333333333333332 0.6763636363636364 0.9762787572233127 0.5009143890592902 0.4753643681640225
18.33933933933934 0.6761421319796954 0.9771038173373369 0.5014173590103326 0.4756864583270043
18.345345345345343 0.6759207726305451 0.9779274637114805 0.5019195060618415 0.47600795764963894
18.35135135135135 0.675699558173785 0.9787496985607973 0.5024208312096212 0.476328867351176
18.35735735735736 0.675478488467201 0.9795705240971251 0.5029213354505432 0.4766491886465818
18.363363363363362 0.6752575633687654 0.980389942530617 0.5034210197821514 0.4769689227484656
18.36936936936937 0.6750367827366356 0.9812079560702281 0.5039198852017077 0.47728807086852054
18.375375375375377 0.674816146429155 0.9820245669237853 0.5044179327078944 0.47760663421589084
18.38138138138138 0.6745956543048521 0.9828397772981524 0.5049151633026667 0.47792461399548564
18.38738738738739 0.6743753062224399 0.9836535893984317 0.5054115779909859 0.4782420114074457
18.393393393393392 0.6741551020408163 0.9844660054270172 0.5059071777785644 0.4785588276484528
18.3993993993994 0.6739350416190631 0.9852770275840549 0.5064019636702782 0.47887506391377677
18.405405405405403 0.6737151248164465 0.9860866580662893 0.506895936671484 0.47919072139480523
18.41141141141141 0.6734953514924156 0.9868948990676463 0.5073890977897384 0.4795058012779079
18.41741741741742 0.6732757215066035 0.9877017527805116 0.507881448033745 0.47982030474676657
18.423423423423422 0.6730562347188264 0.9885072213984597 0.5083729884121044 0.48013423298635516
18.42942942942943 0.6728368909890826 0.9893113071123983 0.5088637199342039 0.48044758717819447
18.435435435435437 0.6726176901775532 0.9901140121094993 0.5093536436117264 0.48076036849777304
18.44144144144144 0.6723986321446018 0.9909153385743728 0.5098427604591709 0.48107257811520193
18.44744744744745 0.6721797167507731 0.9917152886934018 0.5103310714921974 0.48138421720120445
18.453453453453452 0.6719609438567942 0.9925138646548636 0.510818577726977 0.48169528692788655
18.45945945945946 0.6717423133235725 0.9933110686446577 0.5113052801818564 0.48200578846280134
18.465465465465464 0.6715238250121972 0.9941069028452183 0.5117911798806705 0.4823157229645479
18.47147147147147 0.6713054787839375 0.9949013694422979 0.5122762778544213 0.4826250915878765
18.47747747747748 0.6710872745002437 0.9956944706341168 0.5127605751414205 0.4829338954926962
18.483483483483482 0.6708692120227457 0.9964862086266841 0.5132440727861939 0.48324213584049025
18.48948948948949 0.6706512912132532 0.9972765856136458 0.5137267718383275 0.48354981377531836
18.495495495495497 0.6704335119337554 0.9980656037544337 0.5142086733470949 0.48385693040733885
18.5015015015015 0.670215874046421 0.9988532651701786 0.5146897783504474 0.48416348681973115
18.50750750750751 0.6699983774135972 0.9996395719628881 0.5151700878635016 0.4844694840993865
18.513513513513512 0.6697810218978103 1.0004245262403724 0.5156496028766403 0.48477492336373207
18.51951951951952 0.6695638073617642 1.001208130127494 0.5161283243675356 0.48507980575995824
18.525525525525524 0.6693467336683417 1.0019903857594685 0.5166062533184237 0.4853841324410448
18.53153153153153 0.6691298006806028 1.002771295271213 0.5170833907268627 0.48568790454435024
18.53753753753754 0.6689130082617851 1.0035508607934802 0.5175597376025719 0.4859911231909084
18.543543543543542 0.6686963562753037 1.0043290844566781 0.5180352949586455 0.48629378949803254
18.54954954954955 0.6684798445847498 1.005105968393366 0.5185100638061367 0.48659590458722934
18.555555555555557 0.6682634730538922 1.0058815147359477 0.5189840451559785 0.48689746957996916
18.56156156156156 0.6680472415466753 1.0066557256127278 0.519457240022326 0.48719848559040174
18.56756756756757 0.6678311499272198 1.0074286031481121 0.5199296494227824 0.48749895372532975
18.573573573573572 0.6676151980598222 1.0082001494655446 0.5204012743752658 0.4877988750902789
18.57957957957958 0.6673993858089543 1.0089703666881114 0.5208721158963548 0.48809825079175645
18.585585585585584 0.6671837130392633 1.0097392569370374 0.5213421750029155 0.4883970819341219
18.59159159159159 0.666968179615571 1.0105068223292422 0.5218114527137606 0.48869536961548155
18.5975975975976 0.6667527854028742 1.0112730649783799 0.5222799500494617 0.4889931149289182
18.603603603603602 0.6665375302663439 1.0120379869973475 0.5227476680304968 0.4892903189668507
18.60960960960961 0.6663224140713248 1.012801590497716 0.5232146076762589 0.48958698282145696
18.615615615615617 0.6661074366833359 1.013563877587887 0.5236807700066336 0.4898831075812534
18.62162162162162 0.6658925979680697 1.0143248503729088 0.5241461560431311 0.4901786943297777
18.62762762762763 0.6656778977913912 1.0150845109548927 0.5246107668080878 0.490473744146805
18.633633633633632 0.6654633360193393 1.0158428614343393 0.5250746033233837 0.4907682581109556
18.63963963963964 0.6652489125181247 1.016599903910392 0.5255376666104213 0.49106223729997056
18.645645645645644 0.6650346271541311 1.0173556404790485 0.5259999576910631 0.49135568278798536
18.65165165165165 0.6648204797939141 1.0181100732324944 0.5264614775882064 0.49164859564428814
18.65765765765766 0.6646064703042008 1.018863204260637 0.5269222273254113 0.49194097693522576
18.663663663663662 0.6643925985518907 1.0196150356517115 0.5273822079256032 0.49223282772610827
18.66966966966967 0.6641788644040534 1.0203655694918532 0.5278414204114201 0.4925241490804331
18.675675675675677 0.6639652677279304 1.0211148078638266 0.5282998658056978 0.4928149420581289
18.68168168168168 0.663751808390934 1.0218627528473605 0.528757545132607 0.49310520771475363
18.68768768768769 0.6635384862606459 1.0226094065197238 0.5292144594161319 0.49339494710359205
18.693693693693692 0.6633253012048194 1.0233547709563033 0.5296706096798496 0.4936841612764536
18.6996996996997 0.6631122530913762 1.024098848230143 0.5301259969470219 0.4939728512831212
18.705705705705704 0.6628993417884091 1.0248416404108929 0.5305806222413634 0.4942610181695295
18.71171171171171 0.6626865671641791 1.025583149565458 0.5310344865873292 0.49454866297812894
18.71771771771772 0.662473929087117 1.0263233777581025 0.5314875910092084 0.49483578674889406
18.723723723723722 0.662261427425822 1.027062327051214 0.531939936530729 0.49512239052048496
18.72972972972973 0.6620490620490621 1.0277999995046596 0.5323915241756185 0.4954084753290412
18.735735735735737 0.6618368328257733 1.0285363971749129 0.5328423549676502 0.49569404220726265
18.74174174174174 0.6616247396250601 1.0292715221153552 0.5332924299313437 0.4959790921840113
18.74774774774775 0.661412782316194 1.0300053763777652 0.5337417500908673 0.49626362628689785
18.753753753753752 0.6612009607686149 1.0307379620111214 0.5341903164698849 0.49654764554123665
18.75975975975976 0.6609892748519289 1.0314692810616737 0.5346381300918549 0.4968311509698189
18.765765765765767 0.6607777244359097 1.0321993355728343 0.5350851919806533 0.49711414359218087
18.77177177177177 0.6605663093904975 1.032928127584918 0.5355315031603508 0.49739662442456717
18.77777777777778 0.6603550295857987 1.0336556591358934 0.5359770646546267 0.49767859448126667
18.783783783783782 0.6601438848920863 1.0343819322616596 0.536421877486757 0.4979600547749028
18.78978978978979 0.6599328751797986 1.035066401907514 0.5367863893016398 0.4982800126058742
18.795795795795797 0.6597220003195398 1.0357339463111652 0.5371194647546921 0.4986144815564731
18.8018018018018 0.6595112601820795 1.0364002691885728 0.5374519203556252 0.4989483488329477
18.80780780780781 0.6593006546383522 1.0370653727733423 0.5377837571093399 0.4992816156640024
18.813813813813812 0.6590901835594573 1.037729259294665 0.5381149760192326 0.4996142832754322
18.81981981981982 0.6588798468166587 1.0383919309776581 0.5384455780875744 0.4999463528900837
18.825825825825827 0.6586696442813845 1.0390533900421541 0.5387755643156779 0.5002778257264765
18.83183183183183 0.6584595758252273 1.039713638703765 0.5391049357037773 0.5006087029999879
18.83783783783784 0.6582496413199426 1.0403726791740011 0.5394336932507535 0.5009389859232477
18.843843843843842 0.6580398406374502 1.0410305136598639 0.5397618379537857 0.501268675706078
18.84984984984985 0.6578301736498327 1.0416871443640445 0.5400893708090669 0.5015977735549777
18.855855855855857 0.6576206402293359 1.0423425734843919 0.5404162928115288 0.501926280672863
18.86186186186186 0.6574112402483681 1.0429968032144545 0.5407426049553674 0.5022541982590869
18.86786786786787 0.6572019735795003 1.0436498357432455 0.5410683082330455 0.5025815275102
18.873873873873872 0.6569928400954654 1.0443016732565356 0.5413934036355708 0.5029082696209647
18.87987987987988 0.6567838396691585 1.0449523179346607 0.5417178921527755 0.5032344257818853
18.885885885885887 0.6565749721736365 1.0456017719534518 0.5420417747735017 0.50355999717995
18.89189189189189 0.6563662374821173 1.0462500374846095 0.5423650524854552 0.5038849849991542
18.8978978978979 0.6561576354679802 1.0468971166957937 0.5426877262748152 0.5042093904209783
18.903903903903903 0.6559491660047657 1.047543011749906 0.5430097971262104 0.5045332146236956
18.90990990990991 0.6557408289661744 1.048187724806217 0.5433312660233305 0.5048564587828865
18.915915915915917 0.6555326242260675 1.0488312580187622 0.5436521339485635 0.5051791240701986
18.92192192192192 0.6553245516584669 1.0494736135375629 0.5439724018832527 0.5055012116543102
18.92792792792793 0.6551166111375535 1.0501147935084316 0.5442920708071922 0.5058227227012394
18.933933933933933 0.6549088025376686 1.050754800072823 0.54461114169865 0.506143658374173
18.93993993993994 0.6547011257333122 1.0513936353679885 0.5449296155347804 0.506464019833208
18.945945945945947 0.6544935805991441 1.0520313015267155 0.5452474932917212 0.5067838082349942
18.95195195195195 0.6542861670099825 1.0526678006773718 0.5455647759441666 0.507103024733205
18.95795795795796 0.6540788848408047 1.053303134944296 0.5458814644655727 0.5074216704787232
18.963963963963963 0.6538717339667458 1.0539373064476023 0.5461975598278096 0.5077397466197927
18.96996996996997 0.6536647142630996 1.0545703173029355 0.5465130630014245 0.508057254301511
18.975975975975977 0.6534578256053172 1.0552021696217901 0.5468279749561686 0.5083741946656215
18.98198198198198 0.6532510678690081 1.0558328655111608 0.5471422966602429 0.5086905688509179
18.98798798798799 0.6530444409299383 1.0564624070739832 0.5474560290804572 0.5090063779935261
18.993993993993993 0.6528379446640317 1.0570907964092187 0.5477691731822514 0.5093216232269675
19.0 0.6526315789473683 1.057718035611266 0.5480817299297419 0.5096363056815242
19.006006006006004 0.6524253436561859 1.0583441267703269 0.5483937002859427 0.5099504264843842
19.01201201201201 0.6522192386668773 1.0589690719723204 0.5487050852126603 0.5102639867596601
19.01801801801802 0.6520132638559923 1.0595928732991466 0.549015885670105 0.5105769876290417
19.024024024024023 0.6518074191002368 1.060215532828432 0.5493261026171294 0.5108894302113026
19.03003003003003 0.6516017042764716 1.0608370526337902 0.5496357370113593 0.5112013156224312
19.036036036036037 0.6513961192617131 1.061457434784221 0.5499447898091034 0.5115126449751175
19.04204204204204 0.6511906639331336 1.062076681344773 0.5502532619656222 0.5118234193791508
19.04804804804805 0.6509853381680593 1.0626947943763012 0.5505611544344449 0.5121336399418562
19.054054054054056 0.6507801418439715 1.0633117759355468 0.550868468167952 0.5124433077675948
19.06006006006006 0.6505750748385064 1.0639276280753813 0.5511752041170643 0.5127524239583171
19.066066066066064 0.6503701370294536 1.064542352844012 0.5514813632315564 0.5130609896124557
19.07207207207207 0.6501653282947567 1.0651559522854845 0.5517869464597861 0.5133690058256983
19.07807807807808 0.6499606485125137 1.0657684284400544 0.5520919547488924 0.513676473691162
19.084084084084083 0.6497560975609756 1.0663797833439252 0.5523963890445277 0.5139833942993978
19.09009009009009 0.6495516753185464 1.0669900190288 0.5527002502908774 0.5142897687379224
19.096096096096097 0.6493473816637836 1.0675991375223088 0.5530035394310827 0.514595598091226
19.1021021021021 0.649143216475397 1.0682071408484095 0.5533062574069063 0.5149008834415032
19.10810810810811 0.6489391796322489 1.0688140310265621 0.5536084051587559 0.5152056258678064
19.114114114114116 0.6487352710133542 1.0694198100722865 0.5539099836255136 0.5155098264467727
19.12012012012012 0.6485314904978797 1.0700244799969107 0.554210993744752 0.5158134862521587
19.126126126126124 0.6483278379651437 1.0706280428077524 0.5545114364528955 0.516116606354857
19.13213213213213 0.6481243132946163 1.0712305005080336 0.5548113126850346 0.5164191878229989
19.13813813813814 0.6479209163659186 1.0718318550969057 0.555110623374642 0.5167212317222637
19.144144144144143 0.6477176470588236 1.0724321085697721 0.5554093694541712 0.517022739115601
19.15015015015015 0.6475145052532538 1.0730312629174745 0.5557075518542735 0.5173237110632011
19.156156156156158 0.6473114908292835 1.0736293201271399 0.5560051715046729 0.5176241486224671
19.16216216216216 0.6471086036671369 1.0742262821818427 0.5563022293337813 0.5179240528480613
19.16816816816817 0.6469058436471877 1.074822151060462 0.5565987262682998 0.5182234247921623
19.174174174174176 0.6467032106499607 1.075416928738136 0.5568946632338153 0.5185222655043207
19.18018018018018 0.6465007045561296 1.0760106171858048 0.5571900411544323 0.5188205760313725
19.186186186186184 0.6462983252465175 1.0766032183703726 0.5574848609529791 0.5191183574173936
19.19219219219219 0.6460960726020967 1.0771947342548742 0.5577791235509607 0.5194156107039135
19.1981981981982 0.6458939465039887 1.07778516679846 0.5580728298685727 0.5197123369298873
19.204204204204203 0.6456919468334636 1.078374517955974 0.5583659808244301 0.520008537131544
19.21021021021021 0.64549007347194 1.0789627896784522 0.5586585773359675 0.5203042123424848
19.216216216216218 0.6452883263009844 1.079549983912975 0.5589506203192753 0.5205993635936995
19.22222222222222 0.6450867052023121 1.0801361026030727 0.5592421106889571 0.5208939919141157
19.22822822822823 0.6448852100577853 1.0807211476875556 0.5595330493583789 0.5211880983291767
19.234234234234236 0.6446838407494144 1.081305121101797 0.5598234372394634 0.5214816838623336
19.24024024024024 0.644482597159357 1.0818880247770926 0.5601132752427781 0.5217747495343145
19.246246246246244 0.6442814791699174 1.0824698606409184 0.5604025642776088 0.5220672963633096
19.25225225225225 0.644080486663547 1.0830506306166854 0.5606913052518459 0.5223593253648396
19.25825825825826 0.6438796195228442 1.0836303366240772 0.560979499071953 0.5226508375521243
19.264264264264263 0.6436788776305534 1.0842089805786266 0.5612671466430059 0.5229418339356207
19.27027027027027 0.6434782608695653 1.084786564392155 0.5615542488688742 0.5232323155232809
19.276276276276278 0.6432777691229162 1.085363089972577 0.5618408066519673 0.5235222833206096
19.28228228228228 0.6430774022737892 1.0859385592238502 0.562126820893323 0.5238117383305271
19.28828828828829 0.6428771602055114 1.0865129740461934 0.5624122924925778 0.5241006815536154
19.294294294294296 0.6426770428015564 1.0870863363359258 0.5626972223479609 0.5243891139879648
19.3003003003003 0.6424770499455422 1.0876586479854116 0.562981611356647 0.5246770366287645
19.306306306306304 0.642277181521232 1.0882299108831983 0.5632654604140982 0.5249644504691002
19.31231231231231 0.6420774374125331 1.0888001269140841 0.5635487704144782 0.5252513564996059
19.31831831831832 0.6418778175034975 1.0893692979589769 0.5638315422506082 0.5255377557083687
19.324324324324323 0.6416783216783217 1.089937425894917 0.5641137768140773 0.5258236490808397
19.33033033033033 0.6414789498213453 1.090504512595124 0.5643954749949858 0.5261090376001383
19.336336336336338 0.6412797018170523 1.091070559928597 0.5646766376819419 0.5263939222466553
19.34234234234234 0.6410805775500699 1.0916355697617615 0.5649572657624634 0.5266783039992979
19.34834834834835 0.6408815769051683 1.092199543956128 0.565237360122467 0.5269621838336611
19.354354354354356 0.6406826997672613 1.0927624843698878 0.5655169216465689 0.5272455627233189
19.36036036036036 0.6404839460214053 1.09332439285716 0.5657959512180636 0.5275284416390965
19.366366366366368 0.6402853155527988 1.0938852712683627 0.5660744497189396 0.527810821549423
19.37237237237237 0.6400868082467834 1.0944451214503528 0.566352418029678 0.5280927034206747
19.37837837837838 0.6398884239888424 1.095031420158107 0.5666013102363319 0.5284301099217751
19.384384384384383 0.6396901626646011 1.095617227959713 0.5668490892432002 0.5287681387165127
19.39039039039039 0.6394920241598265 1.0962019497032098 0.5670963760669254 0.5291055736362844
19.396396396396398 0.6392940083604272 1.0967855874272703 0.5673431715565317 0.5294424158707387
19.4024024024024 0.6390961151524531 1.0973681431656834 0.5675894765594601 0.5297786666062233
19.40840840840841 0.6388983444220949 1.0979496189479883 0.5678352919217529 0.5301143270262353
19.414414414414416 0.6387006960556844 1.0985300167988952 0.5680806184879543 0.530449398310941
19.42042042042042 0.6385031699396938 1.0991093387386497 0.568325457101149 0.5307838816375006
19.426426426426428 0.6383057659607357 1.0996875867832392 0.5685698086032437 0.5311177781799955
19.43243243243243 0.6381084840055633 1.100264762943919 0.5688136738343298 0.5314510891095892
19.43843843843844 0.637911323961069 1.1008408692276657 0.5690570536331688 0.5317838155944968
19.444444444444443 0.6377142857142858 1.1014159076369598 0.5692999488371304 0.5321159587998293
19.45045045045045 0.6375173691523853 1.1019898801697388 0.5695423602819587 0.5324475198877802
19.456456456456458 0.6373205741626794 1.1025627888195586 0.569784288802303 0.5327785000172555
19.46246246246246 0.6371239006326185 1.1031346355754226 0.5700257352312288 0.5331089003441936
19.46846846846847 0.6369273484497917 1.103705422422063 0.5702667004001368 0.5334387220219263
19.474474474474476 0.6367309175019275 1.104275151339951 0.5705071851390952 0.5337679662008556
19.48048048048048 0.6365346076768922 1.1048438243047856 0.5707471902767494 0.5340966340280362
19.486486486486488 0.6363384188626907 1.1054114432876503 0.5709867166403535 0.5344247266472968
19.49249249249249 0.6361423509474657 1.1059780102556194 0.5712257650558586 0.5347522451997607
19.4984984984985 0.635946403819498 1.1065435271713262 0.5714643363472587 0.5350791908240675
19.504504504504503 0.6357505773672055 1.1071079959921537 0.5717024313365651 0.5354055646555889
19.51051051051051 0.6355548714791442 1.107671418670159 0.571940050844229 0.53573136782593
19.516516516516518 0.6353592860440067 1.1082337971527907 0.5721771956886548 0.5360566014641359
19.52252252252252 0.6351638209506231 1.1087951333847597 0.5724138666864127 0.5363812666983468
19.52852852852853 0.6349684760879594 1.1093554293086354 0.5726500646531508 0.5367053646554845
19.534534534534536 0.634773251345119 1.1099146868633318 0.5728857904044014 0.5370288964589305
19.54054054054054 0.6345781466113416 1.1104729079830107 0.5731210447555979 0.5373518632274127
19.546546546546548 0.6343831617760024 1.1110300945964973 0.573355828521216 0.5376742660752812
19.55255255255255 0.6341882967286131 1.1115862486279227 0.5735901425136611 0.5379961061142615
19.55855855855856 0.6339935513588207 1.112141371997516 0.5738239875430923 0.5383173844544237
19.564564564564563 0.6337989255564083 1.112695466621331 0.5740573644180545 0.5386381022032763
19.57057057057057 0.6336044192112935 1.1132485344106517 0.5742902739457125 0.5389582604649392
19.576576576576578 0.6334100322135297 1.1138005772723771 0.5745227169320118 0.5392778603403652
19.58258258258258 0.6332157644533046 1.1143515971094429 0.574754694181403 0.53959690292804
19.58858858858859 0.6330216158209413 1.1149015958208328 0.5749862064967779 0.5399153893240549
19.594594594594597 0.6328275862068965 1.1154505753012154 0.5752172546796124 0.5402333206216031
19.6006006006006 0.6326336755017619 1.1159985374408015 0.5754478395296277 0.5405506979111736
19.606606606606608 0.6324398835962628 1.1165454841257159 0.5756779618453794 0.5408675222803364
19.61261261261261 0.6322462103812586 1.1170914172378337 0.5759076224243023 0.5411837948135314
19.61861861861862 0.6320526557477422 1.1176363386549297 0.5761368220622328 0.5414995165926968
19.624624624624623 0.6318592195868401 1.1181802502507971 0.5763655615533555 0.5418146886974416
19.63063063063063 0.6316659017898119 1.1187231538952012 0.5765938416903666 0.5421293122048345
19.636636636636638 0.6314727022480502 1.1192650514537539 0.5768216632646822 0.5424433881890717
19.64264264264264 0.6312796208530805 1.1198059447872875 0.5770490270664059 0.5427569177208814
19.64864864864865 0.6310866574965612 1.1203458357529636 0.5772759338845065 0.5430699018684573
19.654654654654657 0.6308938120702826 1.1208847262041264 0.5775023845061998 0.5433823416979265
19.66066066066066 0.6307010844661677 1.1214226179901403 0.5777283797169928 0.5436942382731477
19.666666666666668 0.6305084745762711 1.1219595129559372 0.5779539203011662 0.544005592654771
19.67267267267267 0.6303159822927797 1.1224954129420874 0.5781790070417338 0.5443164059003538
19.67867867867868 0.6301236075080116 1.1230303197855582 0.5784036407206512 0.5446266790649071
19.684684684684683 0.6299313501144166 1.1235642353193283 0.5786278221182768 0.5449364132010512
19.69069069069069 0.6297392100045752 1.1240971613722286 0.578851552013024 0.5452456093592045
19.696696696696698 0.6295471870711998 1.1246290997693182 0.5790748311820855 0.5455542685872327
19.7027027027027 0.629355281207133 1.1251600523311895 0.5792976604014329 0.5458623919297566
19.70870870870871 0.6291634923053481 1.1256900208742737 0.5795200404458807 0.5461699804283929
19.714714714714717 0.6289718202589489 1.1262190072114773 0.579741972088868 0.5464770351226094
19.72072072072072 0.6287802649611695 1.1267470131514834 0.5799634561021482 0.5467835570493352
19.726726726726728 0.6285888263053737 1.127274040500124 0.5801844932556901 0.547089547244434
19.73273273273273 0.6283975041850556 1.1278000910579542 0.5804050843183582 0.547395006739596
19.73873873873874 0.6282062984938385 1.1283251666212337 0.5806252300578723 0.5476999365633615
19.744744744744743 0.6280152091254753 1.1288492689833751 0.580844931240993 0.5480043377423821
19.75075075075075 0.6278242359738483 1.1293723999332324 0.5810641886324134 0.5483082113008189
19.756756756756758 0.6276333789329684 1.1298945612566142 0.5812830029953852 0.548611558261229
19.762762762762762 0.6274426378969762 1.1304157547347282 0.5815013750915075 0.5489143796432208
19.76876876876877 0.6272520127601398 1.1309359821446543 0.5817193056816252 0.549216676463029
19.774774774774777 0.6270615034168564 1.1314552452595186 0.5819367955253126 0.5495184497342059
19.78078078078078 0.6268711097616517 1.131973545848855 0.5821538453807925 0.5498197004680624
19.786786786786788 0.6266808316891789 1.132490885679241 0.58237045600427 0.550120429674971
19.792792792792792 0.6264906690942194 1.1330072665126594 0.5825866281504991 0.5504206383621602
19.7987987987988 0.626300621871682 1.1335226901068383 0.5828023625730196 0.5507203275338187
19.804804804804803 0.6261106899166035 1.1340371582155153 0.5830176600245619 0.5510194981909535
19.81081081081081 0.6259208731241473 1.134550672589043 0.5832325212566004 0.5513181513324427
19.816816816816818 0.6257311713896044 1.1350632349742897 0.5834469470186889 0.5516162879556009
19.822822822822822 0.6255415846083927 1.1355748471144338 0.5836609380585766 0.5519139090558572
19.82882882882883 0.6253521126760563 1.1360855107482244 0.5838744951226654 0.5522110156255592
19.834834834834837 0.6251627554882664 1.1365952276108982 0.5840876189566692 0.5525076086542291
19.84084084084084 0.6249735129408204 1.1371039994331655 0.5843003103052308 0.5528036891279348
19.846846846846848 0.6247843849296413 1.1376118279429277 0.5845125699113916 0.5530992580315361
19.852852852852852 0.624595371350779 1.138118714864668 0.5847243985160793 0.5533943163485888
19.85885885885886 0.6244064721004082 1.1386246619188363 0.5849357968586041 0.5536888650602321
19.864864864864863 0.6242176870748299 1.139129670821424 0.585146765677429 0.5539829051439952
19.87087087087087 0.62402901617047 1.1396337432843755 0.5853573057104068 0.5542764375739688
19.876876876876878 0.6238404592838798 1.140136881016804 0.585567417693901 0.5545694633229031
19.882882882882882 0.6236520163117354 1.1406390857248168 0.585777102362378 0.5548619833624387
19.88888888888889 0.623463687150838 1.1411403591105334 0.5859863604480838 0.5551539986624495
19.894894894894897 0.6232754716981131 1.1416407028715934 0.5861951926821088 0.5554455101894844
19.9009009009009 0.6230873698506112 1.14214011870188 0.5864035997952411 0.5557365189066389
19.906906906906908 0.6228993815055061 1.1426386082913655 0.5866115825172669 0.5560270257740987
19.912912912912912 0.6227115065600966 1.143136173327637 0.58681914157616 0.5563170317514772
19.91891891891892 0.6225237449118046 1.1436328154951203 0.587026277697409 0.5566065377977112
19.924924924924923 0.6223360964581764 1.1441285364744231 0.5872329916048412 0.5568955448695819
19.93093093093093 0.6221485610968811 1.1446233379408361 0.587439284021584 0.5571840539192522
19.936936936936938 0.6219611387257116 1.145117221566453 0.5876451556707718 0.5574720658956811
19.942942942942942 0.621773829242584 1.1456101890204955 0.5878506072740142 0.5577595817464814
19.94894894894895 0.6215866325455366 1.1461022419702078 0.5880556395504457 0.558046602419762
19.954954954954957 0.6213995485327313 1.1465933820795935 0.5882602532166815 0.558333128862912
19.96096096096096 0.6212125771024521 1.1470836110073512 0.5884644489880427 0.5586191620193086
19.966966966966968 0.6210257181531057 1.1475729304082805 0.5886682275805487 0.5589047028277315
19.972972972972972 0.6208389715832205 1.148061341934703 0.5888715897099508 0.5591897522247521
19.97897897897898 0.6206523372914474 1.148548847238456 0.5890745360902435 0.5594743111482124
19.984984984984983 0.620465815176559 1.149035447969962 0.5892770674319362 0.559758380538026
19.99099099099099 0.6202794051374493 1.1495211457760883 0.5894791844440391 0.5600419613320492
19.996996996996998 0.620093107073134 1.1500059422999864 0.5896808878372466 0.5603250544627398
20.003003003003002 0.6199069208827503 1.1505331830908188 0.5898716580722341 0.5606615250185846
20.00900900900901 0.619720846465556 1.1510627304672378 0.5900612343605648 0.5610014961066732
20.015015015015017 0.6195348837209302 1.1515912993964361 0.5902504150488755 0.5613408843475606
20.02102102102102 0.6193490325483726 1.1521188917607992 0.5904392008482632 0.5616796909125359
20.027027027027028 0.6191632928475034 1.1526455094368042 0.5906275924747064 0.5620179169620977
20.033033033033032 0.6189776645180632 1.1531711542804879 0.5908155906504604 0.5623555636300275
20.03903903903904 0.6187921474599131 1.1536958281206315 0.5910031961018285 0.5626926320188032
20.045045045045043 0.6186067415730337 1.1542195327609968 0.5911904095508187 0.563029123210178
20.05105105105105 0.6184214467575259 1.1547422699919818 0.5913772317054118 0.5633650382865701
20.057057057057058 0.6182362629136098 1.155264041601197 0.5915636632531857 0.5637003783480113
20.063063063063062 0.6180511899416256 1.1557848493778864 0.5917497048639683 0.5640351445139181
20.06906906906907 0.617866227742032 1.156304695111683 0.5919353571986617 0.5643693379130212
20.075075075075077 0.6176813762154075 1.1568235805885598 0.5921206209194204 0.5647029596691394
20.08108108108108 0.6174966352624496 1.1573415075892772 0.5923054966938451 0.5650360108954322
20.087087087087088 0.6173120047839736 1.1578584778915937 0.5924899851929752 0.5653684926986183
20.093093093093092 0.6171274846809147 1.1583744932707587 0.5926740870867718 0.565700406183987
20.0990990990991 0.6169430748543253 1.1588895555006073 0.5928578030414903 0.566031752459117
20.105105105105103 0.6167587752053771 1.1594036663516605 0.5930411337209927 0.5663625326306678
20.11111111111111 0.616574585635359 1.1599168275897624 0.5932240797891583 0.5666927478006042
20.117117117117118 0.6163905060456785 1.1604290409760012 0.5934066419113762 0.567022399064625
20.123123123123122 0.61620653633786 1.1609403082681011 0.5935888207528914 0.5673514875152096
20.12912912912913 0.6160226764135461 1.161450631221446 0.593770616977034 0.5676800142444122
20.135135135135137 0.6158389261744965 1.1619600115877888 0.5939520312440023 0.5680079803437864
20.14114114114114 0.6156552855225883 1.162468451115456 0.5941330642128781 0.5683353869025778
20.147147147147148 0.6154717543598152 1.1629759515477072 0.5943137165425645 0.5686622350051427
20.153153153153152 0.615288332588288 1.163482514623782 0.5944939888924105 0.5689885257313716
20.15915915915916 0.6151050201102338 1.1639881420793574 0.5946738819203786 0.5693142601589788
20.165165165165163 0.6149218168279971 1.1644928356472624 0.594853396282516 0.5696394393647463
20.17117117117117 0.6147387226440375 1.1649965970570573 0.5950325326326144 0.5699640644244428
20.177177177177178 0.6145557374609316 1.1654994280335778 0.5952112916235848 0.5702881364099931
20.183183183183182 0.6143728611813718 1.1660013302972176 0.5953896739080681 0.5706116563891496
20.18918918918919 0.6141900937081659 1.1665023055648545 0.5955676801384651 0.5709346254263893
20.195195195195197 0.6140074349442378 1.1670023555498263 0.5957453109654374 0.5712570445843891
20.2012012012012 0.6138248847926268 1.16750148196236 0.5959225670378258 0.5715789149245343
20.207207207207208 0.6136424431564869 1.1679996865086337 0.5960994490026368 0.5719002375059971
20.213213213213212 0.6134601099390878 1.1684969708904105 0.5962759575061463 0.5722210133842641
20.21921921921922 0.6132778850438141 1.1689933368061918 0.596452093194492 0.5725412436116998
20.225225225225223 0.6130957683741649 1.1694887859497007 0.5966278567126577 0.572860929237043
20.23123123123123 0.6129137598337538 1.1699833200119254 0.5968032487042063 0.5731800713077191
20.237237237237238 0.6127318593263095 1.1704769406804802 0.5969782698106478 0.5734986708698325
20.243243243243242 0.6125500667556742 1.1709696496388644 0.5971529206722838 0.5738167289665806
20.24924924924925 0.6123683820258045 1.1714614485661836 0.5973272019286268 0.5741342466375567
20.255255255255257 0.6121868050407709 1.171952339137789 0.5975011142188449 0.5744512249189442
20.26126126126126 0.6120053357047577 1.1724423230257592 0.5976746581808504 0.5747676648449088
20.26726726726727 0.6118239739220626 1.1729314018986188 0.5978478344506754 0.5750835674479435
20.273273273273272 0.6116427195970967 1.1734195774214051 0.5980206436630003 0.5753989337584048
20.27927927927928 0.6114615726343847 1.1739068512550082 0.5981930864512409 0.5757137648037672
20.285285285285283 0.611280532938564 1.1743932250562878 0.5983651634480907 0.5760280616081971
20.29129129129129 0.6110996004143852 1.1748787004782035 0.5985368752856157 0.5763418251925878
20.2972972972973 0.610918774966711 1.1753632791709765 0.5987082225945587 0.5766550565764178
20.303303303303302 0.6107380565005177 1.1758469627811492 0.5988792060039018 0.5769677567772474
20.30930930930931 0.610557444920893 1.1763297529512422 0.5990498261411995 0.5772799268100426
20.315315315315317 0.6103769401330376 1.1768116513200182 0.5992200836330858 0.5775915676869322
20.32132132132132 0.6101965420422639 1.177292659522365 0.5993899791054403 0.5779026804169247
20.32732732732733 0.6100162505539961 1.1777727791895882 0.5995595131833086 0.5782132660062796
20.333333333333332 0.6098360655737705 1.1782520119497 0.5997286864901119 0.5785233254595881
20.33933933933934 0.6096559870072346 1.1787303594274645 0.5998974996480002 0.5788328597794643
20.345345345345343 0.6094760147601477 1.1792078232430672 0.6000659532774449 0.5791418699656221
20.35135135135135 0.6092961487383798 1.1796844050142705 0.6002340479983821 0.5794503570158883
20.35735735735736 0.6091163888479126 1.1801601063538114 0.6004017844297939 0.5797583219240176
20.363363363363362 0.6089367349948385 1.1806349288715414 0.6005691631896207 0.5800657656819207
20.36936936936937 0.6087571870853604 1.181108874173998 0.6007361848944072 0.5803726892795907
20.375375375375377 0.6085777450257921 1.18158194386399 0.6009028501590726 0.5806790937049175
20.38138138138138 0.6083984087225578 1.1820541395408817 0.601069159597476 0.5809849799434057
20.38738738738739 0.6082191780821917 1.1825254628000952 0.6012351138226805 0.5812903489774148
20.393393393393392 0.6080400530113386 1.1829959152334164 0.6014007134468107 0.5815952017866058
20.3993993993994 0.6078610334167525 1.1834654984293458 0.6015659590808221 0.5818995393485238
20.405405405405403 0.607682119205298 1.1839342139730589 0.6017308513342422 0.5822033626388168
20.41141141141141 0.6075033102839488 1.1844020634461605 0.6018953908151331 0.5825066726310274
20.41741741741742 0.6073246065597881 1.1848690484268298 0.6020595781307592 0.5828094702960707
20.423423423423422 0.6071460079400088 1.1853351704892239 0.6022234138871954 0.5831117566020285
20.42942942942943 0.6069675143319124 1.1858004312041983 0.6023868986897255 0.5834135325144729
20.435435435435437 0.6067891256429095 1.1862648321392184 0.6025500331425446 0.5837147989966739
20.44144144144144 0.60661084178052 1.1867283748587198 0.6027128178482258 0.584015557010494
20.44744744744745 0.6064326626523718 1.187191060923248 0.6028752534081757 0.5843158075150725
20.453453453453452 0.6062545881662018 1.1876528918898484 0.6030373404226456 0.5846155514672029
20.45945945945946 0.6060766182298547 1.1881138693120108 0.6031990794911726 0.5849147898208381
20.465465465465464 0.605898752751284 1.1885739947399667 0.6033604712123387 0.5852135235276279
20.47147147147147 0.6057209916385506 1.1890332697204056 0.6035215161832618 0.5855117535371439
20.47747747747748 0.6055433347998239 1.1894916957968087 0.6036822149998609 0.5858094807969478
20.483483483483482 0.6053657821433808 1.1899492745096087 0.6038425682568076 0.5861067062528014
20.48948948948949 0.6051883335776052 1.1904060073950173 0.6040025765477242 0.5864034308472932
20.495495495495497 0.6050109890109889 1.1908618959861141 0.6041622404654504 0.5866996555206637
20.5015015015015 0.6048337483521312 1.1913169418125091 0.6043215606017482 0.5869953812107608
20.50750750750751 0.6046566115097378 1.1917711464007965 0.6044805375470497 0.5872906088537466
20.513513513513512 0.6044795783926219 1.192224511274194 0.6046391718906234 0.5875853393835705
20.51951951951952 0.6043026489097029 1.1926770379522313 0.6047974642203849 0.5878795737318464
20.525525525525524 0.6041258229700073 1.1931287279513825 0.6049554151234738 0.5881733128279086
20.53153153153153 0.6039491004826678 1.1935795827843807 0.6051130251859381 0.5884665575984425
20.53753753753754 0.6037724813569235 1.194029603960843 0.6052702949929701 0.5887593089678727
20.543543543543542 0.6035959655021196 1.1944787929871497 0.6054272251283213 0.5890515678588283
20.54954954954955 0.6034195528277071 1.1949271513663782 0.6055838161745095 0.5893433351918689
20.555555555555557 0.6032432432432432 1.1953746805984344 0.6057400687130213 0.5896346118854132
20.56156156156156 0.6030670366583906 1.1958213821793717 0.6058959833243691 0.5899253988550027
20.56756756756757 0.6028909329829172 1.1962672576022386 0.606051560588119 0.5902156970141197
20.573573573573572 0.6027149321266968 1.1967123083571956 0.6062068010827665 0.590505507274429
20.57957957957958 0.6025390339997081 1.1971565359305563 0.6063617053854311 0.590794830545125
20.585585585585584 0.602363238512035 1.1975999418057253 0.6065162740721622 0.5910836677335629
20.59159159159159 0.6021875455738661 1.1980425274627673 0.6066705077179578 0.5913720197448096
20.5975975975976 0.602011955095495 1.1984842943783025 0.6068244068967766 0.5916598874815259
20.603603603603602 0.6018364669873197 1.1989252440257394 0.606977972181578 0.5919472718441614
20.60960960960961 0.6016610811598426 1.1993653778755191 0.607131204144387 0.5922341737311322
20.615615615615617 0.6014857975236707 1.1998046973945324 0.6072841033558899 0.5925205940386425
20.62162162162162 0.6013106159895151 1.2002432040470066 0.6074366703856487 0.5928065336613578
20.62762762762763 0.6011355364681904 1.2006808992932614 0.6075889058020588 0.5930919934912025
20.633633633633632 0.6009605588706156 1.201117784591028 0.6077408101727844 0.5933769744182434
20.63963963963964 0.6007856831078131 1.2015538613944101 0.6078923840643797 0.5936614773300304
20.645645645645644 0.6006109090909091 1.201989131154287 0.6080436280422785 0.5939455031120086
20.65165165165165 0.6004362367311328 1.2024235953186475 0.6081945426707286 0.5942290526479188
20.65765765765766 0.6002616659398168 1.2028572553323624 0.6083451285129696 0.5945121268193928
20.663663663663662 0.600087196628397 1.2032901126369895 0.608495386131023 0.5947947265059664
20.66966966966967 0.599912828708412 1.2037640951170767 0.6086465682014527 0.595117526915624
20.675675675675677 0.5997385620915032 1.2042396959988346 0.6087974974447444 0.5954421985540903
20.68168168168168 0.5995643966894149 1.2047144277248936 0.6089481001423057 0.5957663275825879
20.68768768768769 0.5993903324139933 1.205188291884735 0.6090983768523913 0.5960899150323435
20.693693693693692 0.5992163691771877 1.2056612900641517 0.6092483281322182 0.5964129619319336
20.6996996996997 0.5990425068910489 1.2061334238455348 0.609397954538097 0.5967354693074377
20.705705705705704 0.5988687454677303 1.2066046948072755 0.6095472566252135 0.5970574381820619
20.71171171171171 0.5986950848194867 1.2070751045248036 0.6096962349479905 0.597378869576813
20.71771771771772 0.598521524858675 1.2075446545696098 0.60984489005948 0.5976997645101297
20.723723723723722 0.598348065497754 1.208013346509509 0.6099932225118293 0.59802012399768
20.72972972972973 0.5981747066492829 1.2084811819096752 0.6101412328561385 0.5983399490535366
20.735735735735737 0.5980014482259232 1.2089481623308418 0.6102889216424879 0.5986592406883539
20.74174174174174 0.5978282901404373 1.209414289330459 0.6104362894198742 0.5989779999105848
20.74774774774775 0.5976552323056882 1.2098795644626374 0.6105833367364587 0.5992962277261786
20.753753753753752 0.5974822746346404 1.2103439892776746 0.610730064139307 0.5996139251383675
20.75975975975976 0.5973094170403588 1.2108075653229506 0.6108764721745404 0.5999310931484101
20.765765765765764 0.5971366594360087 1.2112702941420002 0.6110225613870844 0.6002477327549157
20.77177177177177 0.5969640017348562 1.2117321772749758 0.611168332320899 0.6005638449540768
20.77777777777778 0.5967914438502673 1.2121932162586484 0.6113137855191184 0.6008794307395299
20.783783783783782 0.5966189856957087 1.2126534126260529 0.6114589215240487 0.6011944911020042
20.78978978978979 0.5964466271847465 1.2131127679067966 0.6116037408769365 0.60150902702986
20.795795795795797 0.596274368231047 1.2135712836278945 0.611748244117764 0.6018230395101306
20.8018018018018 0.5961022087483759 1.2140289613114272 0.6118924317852646 0.6021365295261625
20.80780780780781 0.5959301486505989 1.2144858024750247 0.6120363044169326 0.6024494980580921
20.813813813813812 0.5957581878516809 1.2149418086322197 0.6121798625487467 0.6027619460834731
20.81981981981982 0.5955863262656859 1.2153969812934509 0.6123231067149106 0.6030738745785402
20.825825825825824 0.5954145638067773 1.2158513219666645 0.6124660374479785 0.6033852845186861
20.83183183183183 0.5952429003892172 1.216304832158267 0.6126086552796257 0.6036961768786412
20.83783783783784 0.595071335927367 1.216757513371433 0.6127509607414164 0.6040065526300166
20.843843843843842 0.5948998703356866 1.2172093671060074 0.6128929543648468 0.6043164127411604
20.84984984984985 0.594728503528734 1.2176603948585296 0.6130346366813398 0.6046257581771898
20.855855855855857 0.5945572354211662 1.2181105981214475 0.6131760082210985 0.604934589900349
20.86186186186186 0.5943860659277386 1.2185599783840935 0.6133170695129996 0.6052429088710938
20.86786786786787 0.594214994963304 1.219008537132745 0.6134578210847462 0.6055507160479988
20.873873873873872 0.594044022442814 1.2194562758500447 0.6135982634632345 0.6058580123868103
20.87987987987988 0.5938731482813173 1.219903196015252 0.6137383971742992 0.6061647988409525
20.885885885885884 0.5937023723939612 1.2203492991041907 0.6138782227427291 0.6064710763614616
20.89189189189189 0.5935316946959897 1.2207945865893655 0.6140177406922221 0.6067768458971434
20.8978978978979 0.5933611151027446 1.2212390599409442 0.6141569515456063 0.6070821083953378
20.903903903903903 0.5931906335296653 1.2216827206245156 0.6142958558245754 0.6073868647999402
20.90990990990991 0.5930202498922879 1.2221255701029314 0.6144344540499961 0.6076911160529352
20.915915915915917 0.5928499641062455 1.2225676098357934 0.6145727467416134 0.6079948630941799
20.92192192192192 0.5926797760872685 1.2230088412793088 0.6147107344181526 0.6082981068611562
20.92792792792793 0.5925096857511838 1.223449265886566 0.6148484175973445 0.6086008482892217
20.933933933933936 0.5923396930139146 1.2238888851073721 0.6149857967961594 0.6089030883112129
20.93993993993994 0.5921697977914814 1.2243277003884527 0.6151228725303316 0.609204827858121
20.945945945945944 0.5920000000000001 1.2247657131729648 0.6152596453147771 0.6095060678581876
20.95195195195195 0.591830299555683 1.225202924901381 0.615396115663389 0.6098068092379919
20.95795795795796 0.5916606963748388 1.2256393370105896 0.6155322840888985 0.610107052921691
20.963963963963963 0.591491190373872 1.2260749509342923 0.6156681511033809 0.6104067998309114
20.96996996996997 0.5913217814692825 1.2265097681030603 0.6158037172177252 0.6107060508853351
20.975975975975977 0.5911524695776664 1.2269437899443218 0.6159389829418597 0.6110048070024622
20.98198198198198 0.5909832546157149 1.227377017882333 0.616073948784919 0.6113030690974143
20.98798798798799 0.5908141365002146 1.2278094533384354 0.6162086152548689 0.6116008380835665
20.993993993993996 0.5906451151480474 1.2282410977302909 0.6163429828588409 0.6118981148714501
21.0 0.5904761904761905 1.2286719524729244 0.6164770521029334 0.612194900369991
